#t(s)	P(GPa)	T(K)	R(Ohms)	P_mem(bar)	SpecFile	Comment	R_therm(Ohms)	Center (nm)
0.517600	14.905354	4.917674	3.029405E-4	15.000575	1387.200000	698.567603	NA	NA
0.527900	14.918347	4.921544	1.514702E-4	15.000606	1386.200000	698.572063	NA	NA
0.536350	14.928751	4.924258	2.423524E-4	15.000538	1385.500000	698.575634	NA	NA
0.544567	14.878344	4.925034	2.423524E-4	15.000368	1385.300000	698.558336	NA	NA
0.552983	14.950495	4.926976	7.876454E-4	15.000258	1384.800000	698.583096	NA	NA
0.561350	14.918079	4.929309	1.514703E-4	15.000182	1384.200000	698.571974	NA	NA
0.569567	14.896873	4.930477	9.088215E-5	15.000077	1383.900000	698.564698	NA	NA
0.577983	14.942351	4.932034	9.391156E-4	15.000081	1383.500000	698.580304	NA	NA
0.586333	14.928179	4.932424	2.423524E-4	15.000071	1383.400000	698.575442	NA	NA
0.594583	14.848808	4.932034	4.847049E-4	15.000056	1383.500000	698.548202	NA	NA
0.603000	14.927697	4.932814	8.785275E-4	15.000008	1383.300000	698.575276	NA	NA
0.611350	14.929522	4.933984	1.817643E-4	15.000029	1383.000000	698.575903	NA	NA
0.619567	14.946117	4.935935	6.058813E-5	15.000002	1382.500000	698.581598	NA	NA
0.627983	14.927115	4.939061	3.029405E-5	14.999975	1381.700000	698.575079	NA	NA
0.636183	14.937539	4.943369	2.726465E-4	14.999965	1380.600000	698.578658	NA	NA
0.644550	14.930220	4.945723	3.029405E-4	14.999943	1380.000000	698.576148	NA	NA
0.652983	14.907090	4.948473	2.423524E-4	15.000027	1379.300000	698.568212	NA	NA
0.661350	14.934478	4.949652	3.029405E-5	15.000027	1379.000000	698.577611	NA	NA
0.669567	14.895890	4.948866	3.332346E-4	15.000065	1379.200000	698.564369	NA	NA
0.677983	14.899931	4.948080	3.029405E-4	15.000048	1379.400000	698.565755	NA	NA
0.686350	14.891874	4.950439	1.817643E-4	14.999973	1378.800000	698.562991	NA	NA
0.694550	14.952080	4.952408	4.241168E-4	14.999975	1378.300000	698.583651	NA	NA
0.702983	14.888281	4.954379	2.423524E-4	15.000003	1377.800000	698.561760	NA	NA
0.711333	14.925938	4.956352	2.726465E-4	14.999997	1377.300000	698.574683	NA	NA
0.719567	14.944385	4.956747	3.332346E-4	15.000006	1377.200000	698.581013	NA	NA
0.727983	14.942210	4.957142	1.817643E-4	14.999962	1377.100000	698.580267	NA	NA
0.736333	14.933877	4.957142	1.514703E-4	14.999964	1377.100000	698.577408	NA	NA
0.744550	14.910068	4.956352	2.423524E-4	14.999981	1377.300000	698.569238	NA	NA
0.752867	14.922438	4.955168	6.058810E-5	14.999983	1377.600000	698.573482	NA	NA
0.761200	14.947527	4.954379	4.241168E-4	15.000022	1377.800000	698.582090	NA	NA
0.769567	14.880180	4.953985	3.029405E-5	15.000004	1377.900000	698.558979	NA	NA
0.777967	14.920213	4.953196	1.211762E-4	14.999960	1378.100000	698.572718	NA	NA
0.786217	14.948530	4.952408	1.211762E-4	14.999999	1378.300000	698.582433	NA	NA
0.794550	14.939867	4.952014	9.088217E-5	14.999969	1378.400000	698.579461	NA	NA
0.802967	14.935838	4.953196	3.635286E-4	14.999929	1378.100000	698.578079	NA	NA
0.811183	14.947508	4.953985	2.120584E-4	14.999953	1377.900000	698.582083	NA	NA
0.819550	14.904813	4.956352	6.058810E-5	15.000050	1377.300000	698.567434	NA	NA
0.827967	14.960368	4.960304	3.029405E-4	14.999967	1376.300000	698.586498	NA	NA
0.836317	14.944008	4.963868	3.029405E-4	14.999990	1375.400000	698.580887	NA	NA
0.844550	14.949513	4.966248	3.029405E-5	15.000002	1374.800000	698.582777	NA	NA
0.852967	14.943080	4.967042	2.726465E-4	14.999965	1374.600000	698.580570	NA	NA
0.861183	14.922913	4.968234	1.211762E-4	14.999994	1374.300000	698.573651	NA	NA
0.869550	14.932474	4.967836	1.817643E-4	14.999965	1374.400000	698.576931	NA	NA
0.877967	14.918827	4.970619	1.817643E-4	14.999992	1373.700000	698.572250	NA	NA
0.886183	14.895339	4.975001	1.514703E-4	14.999976	1372.600000	698.564191	NA	NA
0.894550	14.947124	4.979792	4.544108E-4	14.999986	1371.400000	698.581963	NA	NA
0.902967	14.914476	4.983794	1.817643E-4	14.999996	1370.400000	698.570762	NA	NA
0.911183	14.928858	4.987805	6.058813E-5	15.000003	1369.400000	698.575699	NA	NA
0.919550	14.917243	4.991019	3.029405E-5	15.000023	1368.600000	698.571715	NA	NA
0.927967	14.926719	4.995852	2.423525E-4	15.000054	1367.400000	698.574969	NA	NA
0.936167	14.973029	4.999484	6.058810E-4	15.000034	1366.500000	698.590859	NA	NA
0.944567	14.960783	5.001910	6.058808E-5	15.000036	1365.900000	698.586659	NA	NA
0.952967	14.952800	5.005959	2.726465E-4	15.000031	1364.900000	698.583922	NA	NA
0.961183	14.964556	5.011643	0.000000E+0	15.000065	1363.500000	698.587958	NA	NA
0.969550	14.935392	5.016935	4.544108E-4	15.000012	1362.200000	698.577954	NA	NA
0.977967	14.923658	5.023061	2.120584E-4	15.000023	1360.700000	698.573931	NA	NA
0.986183	14.978819	5.031670	3.635286E-4	15.000065	1358.600000	698.592860	NA	NA
0.994550	14.956166	5.039080	2.726465E-4	15.000052	1356.800000	698.585092	NA	NA
1.002967	14.953148	5.047347	4.847048E-4	15.000046	1354.800000	698.584060	NA	NA
1.011317	14.963573	5.055649	6.058810E-5	15.000033	1352.800000	698.587640	NA	NA
1.019550	14.936027	5.064823	3.029408E-5	15.000049	1350.600000	698.578194	NA	NA
1.027967	14.969370	5.074880	1.211762E-4	15.000018	1348.200000	698.589638	NA	NA
1.036167	14.966779	5.083301	2.423525E-4	15.000048	1346.200000	698.588752	NA	NA
1.044550	14.947590	5.091758	3.029405E-4	15.000054	1344.200000	698.582173	NA	NA
1.052950	14.963491	5.100677	2.423525E-4	15.000044	1342.100000	698.587632	NA	NA
1.061167	14.928843	5.108355	2.726465E-4	15.000045	1340.300000	698.575748	NA	NA
1.069567	14.911664	5.116920	9.088212E-5	15.000053	1338.300000	698.569857	NA	NA
1.077967	14.952439	5.125091	1.817643E-4	15.000032	1336.400000	698.583852	NA	NA
1.086167	14.955811	5.134162	1.817643E-4	15.000057	1334.300000	698.585012	NA	NA
1.094550	14.939752	5.144144	1.514703E-4	15.000048	1332.000000	698.579507	NA	NA
1.102950	14.941469	5.154612	9.088215E-5	15.000048	1329.600000	698.580101	NA	NA
1.111167	14.940553	5.165136	1.514703E-4	15.000050	1327.200000	698.579791	NA	NA
1.119533	14.960207	5.175714	2.726465E-4	15.000043	1324.800000	698.586539	NA	NA
1.127950	14.927648	5.185902	9.088217E-5	15.000023	1322.500000	698.575373	NA	NA
1.136167	14.962528	5.194358	2.120584E-4	15.000016	1320.600000	698.587344	NA	NA
1.144550	14.949968	5.201953	1.817643E-4	15.000066	1318.900000	698.583038	NA	NA
1.152917	14.964641	5.210025	9.088215E-5	15.000031	1317.100000	698.588076	NA	NA
1.161217	14.960692	5.219482	1.817643E-4	15.000024	1315.000000	698.586725	NA	NA
1.169550	14.892745	5.228076	1.514703E-4	15.000037	1313.100000	698.563414	NA	NA
1.177867	14.912061	5.236250	2.500000E-11	15.000033	1311.300000	698.570046	NA	NA
1.186133	14.962851	5.241262	2.120584E-4	15.000035	1310.200000	698.587475	NA	NA
1.194533	14.948782	5.248572	3.029405E-5	15.000005	1308.600000	698.582652	NA	NA
1.202867	14.932597	5.257746	1.211762E-4	14.999985	1306.600000	698.577103	NA	NA
1.211133	14.957312	5.267421	2.120584E-4	14.999970	1304.500000	698.585587	NA	NA
1.219600	14.943843	5.275286	6.058810E-5	14.999992	1302.800000	698.580969	NA	NA
1.227950	14.943174	5.281320	3.332346E-4	14.999996	1301.500000	698.580742	NA	NA
1.236267	14.962344	5.287837	4.847048E-4	15.000016	1300.100000	698.587322	NA	NA
1.244533	14.959810	5.295310	3.635287E-4	15.000043	1298.500000	698.586456	NA	NA
1.252950	14.980233	5.303748	2.423524E-4	15.000023	1296.700000	698.593466	NA	NA
1.261167	14.899863	5.314578	2.423524E-4	14.999980	1294.400000	698.565895	NA	NA
1.269533	15.004322	5.324988	5.149989E-4	15.000027	1292.200000	698.601739	NA	NA
1.277900	14.969087	5.334018	2.726465E-4	15.000010	1290.300000	698.589656	NA	NA
1.286267	14.966365	5.342130	1.817643E-4	15.000032	1288.600000	698.588726	NA	NA
1.294533	14.979601	5.351712	3.332346E-4	15.000020	1286.600000	698.593271	NA	NA
1.302883	14.958863	5.362300	3.029405E-5	15.000036	1284.400000	698.586161	NA	NA
1.311150	14.971049	5.371970	2.423524E-4	15.000031	1282.400000	698.590346	NA	NA
1.319533	14.973923	5.382169	2.423524E-4	15.000057	1280.300000	698.591337	NA	NA
1.327950	14.952971	5.391436	9.088217E-5	15.000002	1278.400000	698.584153	NA	NA
1.336133	14.965045	5.400743	4.847049E-4	14.999971	1276.500000	698.588299	NA	NA
1.344550	14.980108	5.412553	6.058813E-5	14.999996	1274.100000	698.593472	NA	NA
1.352900	14.982935	5.423930	2.423524E-4	15.000000	1271.800000	698.594447	NA	NA
1.361133	46.015288	5.431877	1.817643E-4	15.000014	1270.200000	708.525382	NA	NA
1.370100	45.893887	5.438355	3.332346E-4	15.000031	1268.900000	708.489065	NA	NA
1.377917	46.078415	5.442851	9.088217E-5	15.000023	1268.000000	708.544266	NA	NA
1.386267	46.096286	5.451367	1.514703E-4	15.000026	1266.300000	708.549614	NA	NA
1.394550	45.805680	5.460922	2.120584E-4	15.000041	1264.400000	708.462674	NA	NA
1.402333	45.841962	5.468999	3.029405E-4	15.000024	1262.800000	708.473538	NA	NA
1.411267	45.916712	5.475075	1.211762E-4	15.000029	1261.600000	708.495911	NA	NA
1.419533	46.006154	5.482693	3.029405E-5	15.000027	1260.100000	708.522673	NA	NA
1.427933	46.123723	5.490846	6.058810E-5	14.999982	1258.500000	708.557835	NA	NA
1.436267	46.077459	5.501078	2.423524E-4	14.999998	1256.500000	708.544007	NA	NA
1.444533	45.991508	5.513930	1.514703E-4	15.000012	1254.000000	708.518306	NA	NA
1.452933	45.986078	5.525298	1.514703E-4	15.000012	1251.800000	708.516687	NA	NA
1.461100	45.925854	5.536201	3.332346E-4	15.000045	1249.700000	708.498674	NA	NA
1.469583	45.833549	5.547153	6.058810E-5	15.000008	1247.600000	708.471055	NA	NA
1.477917	46.036370	5.559732	1.514703E-4	15.000032	1245.200000	708.531745	NA	NA
1.486250	45.982867	5.573962	1.514703E-4	15.000019	1242.500000	708.515748	NA	NA
1.494533	45.778556	5.586150	1.211762E-4	15.000023	1240.200000	708.454610	NA	NA
1.502917	46.161527	5.596265	9.088215E-5	14.999997	1238.300000	708.569184	NA	NA
1.511200	45.998229	5.605886	1.817643E-4	15.000013	1236.500000	708.520358	NA	NA
1.518983	46.023419	5.617158	1.514703E-4	15.000002	1234.400000	708.527898	NA	NA
1.527933	45.843646	5.629023	5.452929E-4	15.000013	1232.200000	708.474114	NA	NA
1.536217	46.035196	5.640401	3.029405E-4	15.000026	1230.100000	708.531430	NA	NA
1.544533	45.918268	5.650196	1.211762E-4	15.000006	1228.300000	708.496455	NA	NA
1.552883	45.939661	5.660576	6.058813E-5	15.000031	1226.400000	708.502861	NA	NA
1.561100	45.893936	5.670450	5.452929E-4	14.999993	1224.600000	708.489184	NA	NA
1.569517	45.947133	5.679811	1.514703E-4	15.000009	1222.900000	708.505105	NA	NA
1.577317	45.973212	5.689760	3.029405E-5	15.000011	1221.100000	708.512912	NA	NA
1.586233	46.046340	5.698081	1.514703E-4	15.000017	1219.600000	708.534789	NA	NA
1.594533	45.920662	5.707544	9.088215E-5	14.999996	1217.900000	708.497197	NA	NA
1.602333	45.865551	5.716483	4.241168E-4	14.999986	1216.300000	708.480709	NA	NA
1.611217	45.990479	5.724891	2.120584E-4	15.000019	1214.800000	708.518093	NA	NA
1.619450	46.009743	5.733327	2.117582E-18	15.000023	1213.300000	708.523859	NA	NA
1.627833	45.968045	5.740660	2.423524E-4	15.000002	1212.000000	708.511389	NA	NA
1.636100	46.065906	5.746315	1.514703E-4	15.000017	1211.000000	708.540662	NA	NA
1.644517	45.832762	5.751983	9.088215E-5	15.000031	1210.000000	708.470911	NA	NA
1.652617	45.948775	5.760507	9.088212E-5	14.999994	1208.500000	708.505633	NA	NA
1.660650	45.893733	5.770202	2.120584E-4	15.000019	1206.800000	708.489168	NA	NA
1.669517	45.863498	5.779932	9.088215E-5	15.000018	1205.100000	708.480123	NA	NA
1.677317	45.945673	5.787973	5.755870E-4	14.999990	1203.700000	708.504717	NA	NA
1.686233	45.958112	5.794884	5.755870E-4	15.000001	1202.500000	708.508442	NA	NA
1.694517	46.222953	5.801813	6.058813E-5	15.000025	1201.300000	708.587635	NA	NA
1.702850	45.808752	5.810500	2.120584E-4	14.999976	1199.800000	708.463750	NA	NA
1.711100	45.761328	5.818634	3.029405E-5	14.999991	1198.400000	708.449556	NA	NA
1.719500	45.980098	5.826209	2.423524E-4	14.999991	1197.100000	708.515033	NA	NA
1.727917	46.062120	5.833220	3.029405E-4	14.999994	1195.900000	708.539569	NA	NA
1.735917	46.124272	5.840836	4.544108E-4	14.999980	1194.600000	708.558156	NA	NA
1.744500	46.122937	5.847297	5.452930E-4	15.000000	1193.500000	708.557760	NA	NA
1.752900	45.953175	5.854953	1.514703E-4	15.000015	1192.200000	708.506991	NA	NA
1.761100	46.013209	5.864997	9.088220E-5	14.999983	1190.500000	708.524955	NA	NA
1.769500	45.806977	5.875672	1.514703E-4	15.000039	1188.700000	708.463248	NA	NA
1.777900	45.942802	5.885793	6.058810E-5	14.999993	1187.000000	708.503902	NA	NA
1.786217	45.943659	5.895352	3.029408E-5	14.999998	1185.400000	708.504162	NA	NA
1.794500	46.066721	5.906146	3.029408E-5	15.000003	1183.600000	708.540977	NA	NA
1.802883	46.104065	5.919397	3.029405E-5	14.999988	1181.400000	708.552149	NA	NA
1.811083	46.190567	5.927862	3.938227E-4	15.000009	1180.000000	708.578012	NA	NA
1.819517	45.815174	5.936352	6.058813E-5	15.000015	1178.600000	708.465729	NA	NA
1.827900	46.044359	5.945478	5.452929E-4	14.999997	1177.100000	708.534307	NA	NA
1.836100	46.011494	5.954633	1.211762E-4	15.000019	1175.600000	708.524482	NA	NA
1.844517	46.044835	5.965659	2.423524E-4	15.000017	1173.800000	708.534459	NA	NA
1.852900	46.000628	5.977961	9.088212E-5	15.000006	1171.800000	708.521242	NA	NA
1.861100	45.857486	5.990935	5.755870E-4	15.000011	1169.700000	708.478418	NA	NA
1.869517	46.156300	6.005835	1.514703E-4	15.000014	1167.300000	708.567805	NA	NA
1.877817	45.709204	6.019561	9.088215E-5	15.000049	1165.100000	708.434037	NA	NA
1.886100	45.612129	6.031468	3.029405E-4	14.999998	1163.200000	708.404964	NA	NA
1.894500	45.765467	6.040904	6.058813E-5	15.000003	1161.700000	708.450894	NA	NA
1.902900	46.055226	6.049737	1.211762E-4	15.000001	1160.300000	708.537604	NA	NA
1.911083	46.048761	6.059866	1.211762E-4	15.000039	1158.700000	708.535675	NA	NA
1.919500	45.778597	6.071939	6.058810E-5	14.999997	1156.800000	708.454839	NA	NA
1.927900	46.179380	6.085981	3.029405E-5	15.000041	1154.600000	708.574739	NA	NA
1.936083	46.193813	6.100732	3.332346E-4	14.999970	1152.300000	708.579060	NA	NA
1.944500	46.051333	6.118143	2.423524E-4	14.999963	1149.600000	708.536470	NA	NA
1.952883	46.152232	6.135005	9.088215E-5	14.999973	1147.000000	708.566646	NA	NA
1.961083	46.168451	6.148694	9.088217E-5	15.000015	1144.900000	708.571500	NA	NA
1.969500	45.990155	6.161789	2.120584E-4	15.000022	1142.900000	708.518191	NA	NA
1.977867	45.884516	6.174940	2.120584E-4	15.000023	1140.900000	708.486590	NA	NA
1.986083	45.953204	6.187487	1.514703E-4	15.000009	1139.000000	708.507148	NA	NA
1.994500	46.008203	6.197429	3.029405E-5	15.000024	1137.500000	708.523605	NA	NA
2.002883	46.020134	6.206736	3.029405E-5	15.000013	1136.100000	708.527178	NA	NA
2.011083	46.029216	6.217408	4.241167E-4	14.999990	1134.500000	708.529899	NA	NA
2.019500	46.046071	6.224767	9.088217E-5	14.999997	1133.400000	708.534943	NA	NA
2.027867	46.038594	6.232143	3.029405E-4	15.000042	1132.300000	708.532711	NA	NA
2.036083	46.030050	6.239536	2.726465E-4	15.000040	1131.200000	708.530158	NA	NA
2.044500	45.900241	6.248297	3.332346E-4	15.000023	1129.900000	708.491328	NA	NA
2.052867	45.875209	6.257759	3.938227E-4	14.999981	1128.500000	708.483841	NA	NA
2.061067	45.954232	6.266570	2.423524E-4	14.999998	1127.200000	708.507491	NA	NA
2.069500	45.973452	6.275406	3.029405E-4	14.999984	1125.900000	708.513245	NA	NA
2.077867	46.177662	6.284267	1.817643E-4	15.000000	1124.600000	708.574314	NA	NA
2.086067	45.781147	6.290417	3.635287E-4	15.000034	1123.700000	708.455699	NA	NA
2.094483	45.926806	6.300006	2.726465E-4	14.999998	1122.300000	708.499300	NA	NA
2.102867	45.943711	6.308248	1.817643E-4	15.000005	1121.100000	708.504361	NA	NA
2.111083	45.836474	6.317201	1.514703E-4	15.000015	1119.800000	708.472274	NA	NA
2.119500	46.142229	6.326872	3.635286E-4	14.999989	1118.400000	708.563740	NA	NA
2.127867	45.870734	6.334490	2.726465E-4	15.000008	1117.300000	708.482536	NA	NA
2.136083	46.124446	6.340042	1.817643E-4	15.000002	1116.500000	708.558430	NA	NA
2.144500	46.105631	6.343517	3.938227E-4	15.000017	1116.000000	708.552806	NA	NA
2.152867	45.944680	6.346300	2.120584E-4	14.999990	1115.600000	708.504668	NA	NA
2.161083	45.993991	6.347692	6.058810E-5	14.999980	1115.400000	708.519421	NA	NA
2.169500	46.109450	6.349781	2.423525E-4	14.999978	1115.100000	708.553951	NA	NA
2.177867	46.140889	6.354662	6.058808E-5	14.999977	1114.400000	708.563352	NA	NA
2.186083	45.950868	6.363746	9.088215E-5	15.000004	1113.100000	708.506527	NA	NA
2.194483	45.964427	6.370750	3.029405E-4	15.000010	1112.100000	708.510587	NA	NA
2.202867	46.031426	6.375663	2.423524E-4	14.999996	1111.400000	708.530630	NA	NA
2.211067	45.997866	6.380582	9.088217E-5	14.999980	1110.700000	708.520594	NA	NA
2.219483	45.984523	6.385510	4.241167E-4	14.999987	1110.000000	708.516605	NA	NA
2.227867	46.039459	6.389739	6.058810E-5	14.999972	1109.400000	708.533039	NA	NA
2.236067	45.916756	6.395386	6.664692E-4	14.999988	1108.600000	708.496335	NA	NA
2.244483	45.881814	6.402459	1.817643E-4	14.999996	1107.600000	708.485881	NA	NA
2.252850	45.829913	6.408838	5.755870E-4	14.999992	1106.700000	708.470351	NA	NA
2.261117	46.011485	6.415229	3.029405E-5	14.999971	1105.800000	708.524683	NA	NA
2.269483	45.933709	6.423770	2.120584E-4	14.999967	1104.600000	708.501420	NA	NA
2.277867	45.858824	6.433763	3.029405E-5	14.999974	1103.200000	708.479015	NA	NA
2.286067	45.891037	6.440202	9.088212E-5	14.999980	1102.300000	708.488658	NA	NA
2.294500	45.913585	6.443785	1.211762E-4	14.999974	1101.800000	708.495407	NA	NA
2.302867	45.901398	6.447372	1.817643E-4	14.999994	1101.300000	708.491762	NA	NA
2.311067	46.007363	6.453119	4.847048E-4	15.000016	1100.500000	708.523467	NA	NA
2.319483	45.912565	6.458156	3.029405E-4	14.999984	1099.800000	708.495108	NA	NA
2.327867	46.017175	6.465364	6.058813E-5	14.999999	1098.800000	708.526407	NA	NA
2.336117	46.025885	6.473312	1.817643E-4	14.999994	1097.700000	708.529016	NA	NA
2.344483	46.123199	6.479828	6.058810E-5	14.999977	1096.800000	708.558119	NA	NA
2.352850	46.115023	6.487084	1.211762E-4	14.999980	1095.800000	708.555677	NA	NA
2.361067	46.082138	6.495811	1.211762E-4	15.000005	1094.600000	708.545849	NA	NA
2.369500	46.104649	6.506752	3.029405E-4	15.000004	1093.100000	708.552584	NA	NA
2.379667	45.738089	6.519194	2.120584E-4	14.999996	1091.400000	708.442908	NA	NA
2.385583	45.767613	6.528740	4.847048E-4	14.999994	1090.100000	708.451752	NA	NA
2.393850	45.975956	6.542001	1.514703E-4	15.000012	1088.300000	708.514111	NA	NA
2.402217	46.014124	6.555315	2.726465E-4	14.999990	1086.500000	708.525534	NA	NA
2.410533	45.844301	6.565705	1.514703E-4	15.000006	1085.100000	708.474726	NA	NA
2.418917	45.900861	6.578364	2.726465E-4	15.000016	1083.400000	708.491659	NA	NA
2.427200	45.752990	6.590322	3.635286E-4	15.000020	1081.800000	708.447401	NA	NA
2.435583	46.084556	6.603823	2.423524E-4	15.000030	1080.000000	708.546619	NA	NA
2.443917	45.694107	6.618132	1.817643E-4	15.000014	1078.100000	708.429780	NA	NA
2.452250	45.815328	6.634774	1.211762E-4	15.000003	1075.900000	708.466084	NA	NA
2.460583	45.983223	6.647688	3.029403E-5	15.000011	1074.200000	708.516331	NA	NA
2.468917	46.075930	6.659885	1.514703E-4	15.000002	1072.600000	708.544064	NA	NA
2.477250	45.813483	6.669827	2.500000E-11	15.000036	1071.300000	708.465547	NA	NA
2.485533	46.001139	6.682102	1.817643E-4	15.000046	1069.700000	708.521706	NA	NA
2.493917	46.004022	6.695962	0.000000E+0	15.000027	1067.900000	708.522574	NA	NA
2.502267	46.081025	6.709101	3.029405E-4	15.000033	1066.200000	708.545609	NA	NA
2.510583	45.789848	6.721512	1.514703E-4	15.000027	1064.600000	708.458494	NA	NA
2.518900	45.921158	6.730070	2.726465E-4	15.000026	1063.500000	708.497799	NA	NA
2.527233	46.003020	6.743336	6.058813E-5	15.000007	1061.800000	708.522295	NA	NA
2.535567	45.966197	6.755866	3.635287E-4	15.000013	1060.200000	708.511285	NA	NA
2.543900	45.950377	6.766866	2.120584E-4	14.999974	1058.800000	708.506557	NA	NA
2.552233	45.882588	6.775532	4.544108E-4	14.999991	1057.700000	708.486277	NA	NA
2.560583	45.905283	6.785010	4.241167E-4	15.000015	1056.500000	708.493073	NA	NA
2.568900	46.052431	6.792927	2.726465E-4	15.000023	1055.500000	708.537095	NA	NA
2.577233	45.832649	6.802450	4.544108E-4	15.000022	1054.300000	708.471342	NA	NA
2.585567	46.067498	6.812795	6.058810E-5	15.000025	1053.000000	708.541610	NA	NA
2.593900	45.846502	6.820773	4.241168E-4	15.000014	1052.000000	708.475497	NA	NA
2.602283	45.936181	6.827968	4.241168E-4	15.000005	1051.100000	708.502337	NA	NA
2.610533	45.940903	6.835177	1.211762E-4	14.999997	1050.200000	708.503753	NA	NA
2.618900	46.042512	6.842400	3.332346E-4	15.000018	1049.300000	708.534150	NA	NA
2.627233	45.986522	6.848832	3.029405E-4	15.000007	1048.500000	708.517406	NA	NA
2.635567	46.074895	6.854470	3.938227E-4	15.000000	1047.800000	708.543840	NA	NA
2.643900	46.018173	6.861731	2.120584E-4	15.000013	1046.900000	708.526879	NA	NA
2.652233	46.025574	6.871435	4.241168E-4	14.999995	1045.700000	708.529097	NA	NA
2.660550	45.731336	6.881976	1.484409E-3	14.999994	1044.400000	708.441045	NA	NA
2.668883	45.878919	6.893361	2.090290E-3	14.999986	1043.000000	708.485230	NA	NA
2.677233	45.989155	6.898251	2.332642E-3	15.000011	1042.400000	708.518215	NA	NA
2.685533	45.819165	6.903148	4.089697E-3	15.000003	1041.800000	708.467350	NA	NA
2.693900	45.975188	6.912142	5.513518E-3	14.999971	1040.700000	708.514043	NA	NA
2.702267	45.941227	6.918697	5.725576E-3	14.999972	1039.900000	708.503886	NA	NA
2.710567	46.052551	6.925263	8.027924E-3	14.999982	1039.100000	708.537189	NA	NA
2.718900	46.192005	6.931018	9.572920E-3	15.000015	1038.400000	708.578884	NA	NA
2.727233	46.076355	6.939254	1.033027E-2	14.999996	1037.400000	708.544313	NA	NA
2.735600	46.132362	6.947509	1.232968E-2	15.000004	1036.400000	708.561063	NA	NA
2.743900	45.969794	6.955781	1.390497E-2	14.999991	1035.400000	708.512449	NA	NA
2.752233	45.962961	6.965733	1.560144E-2	14.999997	1034.200000	708.510409	NA	NA
2.760500	45.713894	6.975710	1.651026E-2	15.000013	1033.000000	708.435862	NA	NA
2.768883	45.758010	6.985714	1.866114E-2	15.000008	1031.800000	708.449077	NA	NA
2.777217	45.996132	6.994071	1.956996E-2	15.000010	1030.800000	708.520344	NA	NA
2.785517	45.778924	7.001608	1.999407E-2	14.999976	1029.900000	708.455345	NA	NA
2.793883	46.137057	7.010841	2.205407E-2	15.000001	1028.800000	708.562494	NA	NA
2.802183	46.000997	7.022623	2.284172E-2	14.999994	1027.400000	708.521812	NA	NA
2.810600	46.084455	7.035288	2.372024E-2	15.000006	1025.900000	708.546777	NA	NA
2.818883	46.000024	7.048843	2.481083E-2	15.000008	1024.300000	708.521532	NA	NA
2.827217	45.695055	7.059892	2.544701E-2	15.000024	1023.000000	708.430257	NA	NA
2.835533	45.800941	7.068413	2.617406E-2	15.000018	1022.000000	708.461966	NA	NA
2.843883	45.895259	7.078663	2.696171E-2	15.000020	1020.800000	708.490201	NA	NA
2.852167	46.021585	7.088940	2.684053E-2	15.000008	1019.600000	708.527999	NA	NA
2.860550	45.846604	7.098385	2.805229E-2	15.000018	1018.500000	708.475648	NA	NA
2.868883	45.953304	7.107854	2.829465E-2	15.000016	1017.400000	708.507581	NA	NA
2.877217	45.984603	7.119073	2.877935E-2	15.000008	1016.100000	708.516950	NA	NA
2.885550	46.102023	7.127726	2.950641E-2	14.999995	1015.100000	708.552070	NA	NA
2.893850	45.864204	7.137266	3.017288E-2	15.000010	1014.000000	708.480932	NA	NA
2.902200	45.817670	7.151184	3.047582E-2	14.999984	1012.400000	708.467010	NA	NA
2.910533	46.178713	7.163403	3.144523E-2	15.000018	1011.000000	708.575012	NA	NA
2.918867	45.814757	7.173907	3.129376E-2	15.000018	1009.800000	708.466147	NA	NA
2.927183	45.791855	7.184440	3.147552E-2	15.000029	1008.600000	708.459296	NA	NA
2.935517	45.932292	7.194119	3.238434E-2	15.000031	1007.500000	708.501332	NA	NA
2.943867	45.795543	7.205590	3.447463E-2	15.000007	1006.200000	708.460409	NA	NA
2.952200	45.944362	7.220640	3.653463E-2	15.000018	1004.500000	708.504955	NA	NA
2.960550	46.012549	7.232188	3.698904E-2	15.000010	1003.200000	708.525358	NA	NA
2.970867	46.039554	7.243769	3.889756E-2	15.000020	1001.900000	708.533440	NA	NA
2.977650	45.831743	7.253595	3.956404E-2	15.000012	1000.800000	708.471267	NA	NA
2.986067	45.882435	7.261653	3.998815E-2	15.000002	999.900000	708.486442	NA	NA
2.994450	46.014124	7.267034	4.029109E-2	15.000028	999.300000	708.525844	NA	NA
3.002650	45.992488	7.274220	4.135139E-2	15.000003	998.500000	708.519375	NA	NA
3.011050	46.080185	7.285925	4.353257E-2	14.999988	997.200000	708.545609	NA	NA
3.019450	45.832563	7.296761	4.486551E-2	14.999995	996.000000	708.471530	NA	NA
3.027667	45.984667	7.308532	4.541080E-2	15.000034	994.700000	708.517050	NA	NA
3.036067	46.049420	7.317611	4.650139E-2	15.000009	993.700000	708.536422	NA	NA
3.044450	45.943667	7.323068	4.710727E-2	15.000004	993.100000	708.504791	NA	NA
3.052667	46.092387	7.326710	4.807668E-2	14.999982	992.700000	708.549275	NA	NA
3.061050	45.811736	7.330356	4.950051E-2	15.000004	992.300000	708.465310	NA	NA
3.069467	46.285515	7.332180	5.004580E-2	14.999952	992.100000	708.607001	NA	NA
3.077650	46.234506	7.335830	5.149992E-2	14.999975	991.700000	708.591761	NA	NA
3.086033	45.830560	7.339484	5.268139E-2	14.999987	991.300000	708.470949	NA	NA
3.094450	45.929190	7.345886	5.428698E-2	14.999998	990.600000	708.500469	NA	NA
3.102633	46.136907	7.353215	5.522610E-2	15.000022	989.800000	708.562597	NA	NA
3.111033	46.056557	7.359639	5.655904E-2	14.999994	989.100000	708.538575	NA	NA
3.119467	46.177287	7.364234	5.740727E-2	14.999974	988.600000	708.574672	NA	NA
3.127633	45.919364	7.365154	5.740727E-2	14.999984	988.500000	708.497537	NA	NA
3.136033	45.873596	7.366994	5.716492E-2	14.999995	988.300000	708.483842	NA	NA
3.144450	45.938215	7.366994	5.752845E-2	14.999961	988.300000	708.503179	NA	NA
3.152633	46.111424	7.366994	5.740727E-2	14.999974	988.300000	708.554984	NA	NA
3.161050	45.828949	7.366994	5.798286E-2	14.999977	988.300000	708.470479	NA	NA
3.169450	46.045888	7.371597	5.798286E-2	14.999974	987.800000	708.535389	NA	NA
3.177633	45.936146	7.374361	5.837668E-2	14.999963	987.500000	708.502563	NA	NA
3.186033	45.970377	7.376205	5.880080E-2	14.999970	987.300000	708.512805	NA	NA
3.194450	45.995951	7.380819	5.958845E-2	14.999945	986.800000	708.520457	NA	NA
3.202617	45.813463	7.387287	5.961874E-2	14.999961	986.100000	708.465852	NA	NA
3.211033	46.039148	7.394692	6.058815E-2	14.999981	985.300000	708.533383	NA	NA
3.219450	45.922302	7.399327	6.025491E-2	14.999982	984.800000	708.498431	NA	NA
3.227633	46.069997	7.402111	6.080021E-2	14.999960	984.500000	708.542612	NA	NA
3.236033	45.889348	7.405825	6.113344E-2	14.999987	984.100000	708.488573	NA	NA
3.244450	45.950926	7.411403	6.116373E-2	14.999996	983.500000	708.507000	NA	NA
3.252617	46.086554	7.420717	6.195138E-2	14.999970	982.500000	708.547571	NA	NA
3.261033	45.895636	7.428183	6.183020E-2	14.999959	981.700000	708.490464	NA	NA
3.269433	46.111848	7.433792	6.252697E-2	14.999970	981.100000	708.555140	NA	NA
3.277633	45.892187	7.440345	6.249668E-2	15.000002	980.400000	708.489437	NA	NA
3.286033	45.899236	7.447848	6.301168E-2	14.999978	979.600000	708.491550	NA	NA
3.294450	45.964169	7.453484	6.289050E-2	14.999994	979.000000	708.510981	NA	NA
3.302617	45.981370	7.457246	6.319344E-2	15.000022	978.600000	708.516128	NA	NA
3.311033	45.844659	7.465722	6.367815E-2	15.000006	977.700000	708.475224	NA	NA
3.319450	46.071471	7.478943	6.358726E-2	14.999980	976.300000	708.543086	NA	NA
3.327667	45.862897	7.493155	6.419314E-2	15.000007	974.800000	708.480694	NA	NA
3.336033	45.943954	7.504561	6.449608E-2	14.999994	973.600000	708.504954	NA	NA
3.344450	46.058126	7.510276	6.488991E-2	15.000023	973.000000	708.539108	NA	NA
3.352617	46.070614	7.519818	6.549580E-2	15.000013	972.000000	708.542847	NA	NA
3.361033	45.955911	7.532256	6.579874E-2	15.000046	970.700000	708.508543	NA	NA
3.369450	46.009646	7.541850	6.567756E-2	15.000007	969.700000	708.524622	NA	NA
3.377617	45.872633	7.551466	6.622285E-2	15.000010	968.700000	708.483633	NA	NA
3.386033	46.069404	7.564001	6.622285E-2	15.000024	967.400000	708.542504	NA	NA
3.394433	46.100346	7.576573	6.625315E-2	15.000023	966.100000	708.551762	NA	NA
3.402617	46.086403	7.586271	6.622285E-2	15.000026	965.100000	708.547596	NA	NA
3.411033	45.974871	7.594045	6.613197E-2	14.999980	964.300000	708.514242	NA	NA
3.419450	46.100566	7.603784	6.634403E-2	14.999997	963.300000	708.551839	NA	NA
3.427617	45.899592	7.611591	6.649550E-2	15.000005	962.500000	708.491726	NA	NA
3.436033	46.105787	7.620392	6.640462E-2	15.000036	961.600000	708.553407	NA	NA
3.444450	45.898341	7.627250	6.634403E-2	15.000014	960.900000	708.491358	NA	NA
3.452517	46.057166	7.634119	6.631374E-2	15.000005	960.200000	708.538874	NA	NA
3.461033	45.963585	7.642968	6.746492E-2	15.000031	959.300000	708.510887	NA	NA
3.469383	45.860628	7.649864	6.698021E-2	15.000023	958.600000	708.480082	NA	NA
3.477617	45.764858	7.655783	6.604109E-2	15.000039	958.000000	708.451415	NA	NA
3.486017	45.946739	7.661711	6.634404E-2	15.000036	957.400000	708.505855	NA	NA
3.494433	45.860552	7.671610	6.682874E-2	14.999990	956.400000	708.480068	NA	NA
3.502617	46.104165	7.684513	6.704080E-2	15.000011	955.100000	708.552949	NA	NA
3.511033	46.038770	7.699452	6.640463E-2	14.999998	953.600000	708.533400	NA	NA
3.519417	45.979443	7.711441	6.664697E-2	15.000007	952.400000	708.515660	NA	NA
3.527600	46.110880	7.724469	6.652579E-2	15.000023	951.100000	708.554974	NA	NA
3.536017	45.915280	7.734517	6.667726E-2	15.000020	950.100000	708.496473	NA	NA
3.544433	45.832526	7.745599	6.658639E-2	15.000004	949.000000	708.471711	NA	NA
3.552600	45.979994	7.752666	6.691962E-2	15.000019	948.300000	708.515842	NA	NA
3.561017	45.972658	7.758733	6.664698E-2	15.000015	947.700000	708.513650	NA	NA
3.569433	45.814715	7.766836	6.628344E-2	15.000017	946.900000	708.466388	NA	NA
3.577617	45.818323	7.772923	6.655610E-2	14.999992	946.300000	708.467471	NA	NA
3.586017	46.039782	7.775970	6.664697E-2	15.000020	946.000000	708.533735	NA	NA
3.594433	46.273029	7.779020	6.682874E-2	15.000006	945.700000	708.603461	NA	NA
3.602617	46.276931	7.785125	6.619257E-2	15.000005	945.100000	708.604630	NA	NA
3.610517	46.133135	7.790219	6.610168E-2	15.000007	944.600000	708.561655	NA	NA
3.619433	45.978873	7.795320	6.649551E-2	14.999969	944.100000	708.515525	NA	NA
3.627633	45.980458	7.799405	6.658639E-2	14.999983	943.700000	708.516001	NA	NA
3.636017	46.029183	7.801449	6.652580E-2	15.000020	943.500000	708.530576	NA	NA
3.644433	45.953015	7.806563	6.694992E-2	15.000022	943.000000	708.507794	NA	NA
3.652633	45.747884	7.813734	6.676815E-2	14.999974	942.300000	708.446400	NA	NA
3.661017	45.910684	7.825026	6.640463E-2	14.999980	941.200000	708.495136	NA	NA
3.669417	45.938354	7.836349	6.637433E-2	14.999994	940.100000	708.503420	NA	NA
3.677600	46.044487	7.842538	6.637433E-2	14.999997	939.500000	708.535171	NA	NA
3.686017	45.984344	7.847702	6.631374E-2	15.000001	939.000000	708.517183	NA	NA
3.694417	46.007676	7.857014	6.679845E-2	14.999996	938.100000	708.524167	NA	NA
3.702600	45.956038	7.867384	6.710139E-2	14.999984	937.100000	708.508724	NA	NA
3.711017	45.894732	7.873618	6.673786E-2	14.999989	936.500000	708.490383	NA	NA
3.719417	45.864771	7.879862	6.691962E-2	14.999998	935.900000	708.481419	NA	NA
3.727600	45.667555	7.886115	6.661668E-2	15.000010	935.300000	708.422373	NA	NA
3.736017	45.767410	7.894466	6.622286E-2	15.000000	934.500000	708.452280	NA	NA
3.744417	45.803305	7.912268	6.704080E-2	14.999999	932.800000	708.463034	NA	NA
3.752600	46.137432	7.931199	6.670757E-2	15.000013	931.000000	708.563000	NA	NA
3.760900	45.981331	7.945981	6.691962E-2	14.999990	929.600000	708.516324	NA	NA
3.769417	46.183746	7.958693	6.673786E-2	15.000026	928.400000	708.576856	NA	NA
3.777600	46.043241	7.975700	6.625316E-2	15.000019	926.800000	708.534854	NA	NA
3.786017	46.003045	7.991707	6.658639E-2	15.000005	925.300000	708.522838	NA	NA
3.793833	46.158485	8.006701	6.640463E-2	15.000052	923.900000	708.569325	NA	NA
3.802633	46.068055	8.023902	6.710139E-2	15.000022	922.300000	708.542295	NA	NA
3.811033	46.137941	8.040091	6.673786E-2	15.000012	920.800000	708.563198	NA	NA
3.819417	45.923224	8.052001	6.628345E-2	15.000033	919.700000	708.498984	NA	NA
3.827600	46.123587	8.062858	6.640463E-2	15.000028	918.700000	708.558916	NA	NA
3.836000	45.999910	8.078104	6.664698E-2	15.000023	917.300000	708.521937	NA	NA
3.844400	46.101530	8.094499	6.640463E-2	15.000049	915.800000	708.552334	NA	NA
3.852583	45.743516	8.107661	6.652580E-2	15.000049	914.600000	708.445215	NA	NA
3.860500	45.715403	8.119761	6.682874E-2	15.000037	913.500000	708.436802	NA	NA
3.869450	45.938213	8.127479	6.643492E-2	15.000023	912.800000	708.503500	NA	NA
3.877150	45.984016	8.135210	6.673786E-2	15.000025	912.100000	708.517206	NA	NA
3.886017	45.825148	8.146280	6.664698E-2	15.000005	911.100000	708.469671	NA	NA
3.894400	45.911269	8.158489	6.640463E-2	15.000043	910.000000	708.495451	NA	NA
3.902783	46.028255	8.167391	6.688933E-2	15.000047	909.200000	708.530452	NA	NA
3.911017	45.925791	8.176310	6.679845E-2	15.000011	908.400000	708.499804	NA	NA
3.919400	45.959735	8.181895	6.670757E-2	15.000017	907.900000	708.509962	NA	NA
3.927583	46.053133	8.186367	6.710139E-2	15.000024	907.500000	708.537901	NA	NA
3.936017	45.982194	8.190844	6.701051E-2	15.000006	907.100000	708.516684	NA	NA
3.944400	46.059994	8.199813	6.673786E-2	14.999988	906.300000	708.539958	NA	NA
3.952600	46.209652	8.213301	6.673786E-2	15.000011	905.100000	708.584705	NA	NA
3.961017	46.014728	8.226831	6.676815E-2	15.000006	903.900000	708.526431	NA	NA
3.969400	45.849325	8.240403	6.649551E-2	15.000003	902.700000	708.476947	NA	NA
3.977767	46.099989	8.256292	6.646521E-2	15.000020	901.300000	708.551941	NA	NA
3.986000	45.904258	8.266537	6.698021E-2	15.000023	900.400000	708.493398	NA	NA
3.994483	45.520250	8.276806	6.694992E-2	15.000020	899.500000	708.378401	NA	NA
4.002750	45.755862	8.289391	6.682874E-2	15.000018	898.400000	708.448988	NA	NA
4.011000	45.977430	8.297418	6.688933E-2	15.000000	897.700000	708.515304	NA	NA
4.019400	45.986740	8.304311	6.704080E-2	15.000012	897.100000	708.518092	NA	NA
4.027583	45.961896	8.308912	6.673786E-2	15.000006	896.700000	708.510661	NA	NA
4.036000	46.324808	8.314670	6.625315E-2	15.000004	896.200000	708.619156	NA	NA
4.044250	46.238587	8.323899	6.658638E-2	14.999995	895.400000	708.593398	NA	NA
4.052583	46.023891	8.331991	6.719226E-2	14.999995	894.700000	708.529216	NA	NA
4.061000	45.894834	8.333148	6.619256E-2	14.999986	894.600000	708.490606	NA	NA
4.069250	46.013509	8.336621	6.667726E-2	14.999992	894.300000	708.526112	NA	NA
4.077583	45.681040	8.340098	6.628344E-2	14.999985	894.000000	708.426602	NA	NA
4.086000	45.873284	8.348219	6.640462E-2	14.999981	893.300000	708.484163	NA	NA
4.094233	46.014512	8.355193	6.658638E-2	14.999983	892.700000	708.526420	NA	NA
4.102583	45.811278	8.362178	6.698021E-2	14.999975	892.100000	708.465609	NA	NA
4.111000	45.798608	8.364509	6.631374E-2	14.999981	891.900000	708.461817	NA	NA
4.119233	45.934863	8.369174	6.667726E-2	14.999969	891.500000	708.502599	NA	NA
4.127583	45.924298	8.372677	6.673785E-2	14.999962	891.200000	708.499439	NA	NA
4.135983	46.174988	8.375013	6.664697E-2	14.999967	891.000000	708.574412	NA	NA
4.144217	46.085904	8.382030	6.634403E-2	14.999958	890.400000	708.547782	NA	NA
4.152633	45.915656	8.387886	6.646521E-2	14.999945	889.900000	708.496859	NA	NA
4.161000	45.828410	8.391403	6.679843E-2	14.999951	889.600000	708.470750	NA	NA
4.169383	45.952153	8.396098	6.691962E-2	14.999961	889.200000	708.507783	NA	NA
4.177583	45.997470	8.404325	6.701050E-2	14.999995	888.500000	708.521343	NA	NA
4.186000	45.962966	8.413747	6.640462E-2	15.000007	887.700000	708.511025	NA	NA
4.194217	45.859535	8.422007	6.701049E-2	14.999968	887.000000	708.480078	NA	NA
4.202600	46.097809	8.431467	6.649550E-2	14.999978	886.200000	708.551362	NA	NA
4.211000	46.041913	8.440948	6.673785E-2	14.999984	885.400000	708.534651	NA	NA
4.218800	45.885162	8.449261	6.658638E-2	14.999971	884.700000	708.487760	NA	NA
4.227583	45.896822	8.458780	6.667726E-2	14.999995	883.900000	708.491253	NA	NA
4.236000	46.043354	8.467127	6.676815E-2	14.999999	883.200000	708.535093	NA	NA
4.244217	46.042118	8.482670	6.691962E-2	15.000002	881.900000	708.534730	NA	NA
4.252583	45.966008	8.495865	6.713168E-2	15.000025	880.800000	708.511969	NA	NA
4.260983	45.779307	8.506691	6.673785E-2	14.999987	879.900000	708.456098	NA	NA
4.269367	45.929725	8.515130	6.652579E-2	15.000030	879.200000	708.501122	NA	NA
4.277583	45.829645	8.524794	6.691962E-2	15.000029	878.400000	708.471174	NA	NA
4.285983	45.896864	8.533268	6.691962E-2	15.000001	877.700000	708.491296	NA	NA
4.294217	46.000349	8.541758	6.652579E-2	14.999999	877.000000	708.522261	NA	NA
4.302583	46.002206	8.552698	6.682873E-2	15.000001	876.100000	708.522821	NA	NA
4.311000	45.738411	8.561226	6.728314E-2	15.000004	875.400000	708.443875	NA	NA
4.319250	45.876541	8.568549	6.664696E-2	14.999999	874.800000	708.485228	NA	NA
4.327583	45.691592	8.575885	6.728314E-2	15.000002	874.200000	708.429860	NA	NA
4.335983	45.848373	8.579557	6.601079E-2	14.999995	873.900000	708.476803	NA	NA
4.346850	46.117561	8.578333	6.658638E-2	15.000000	874.000000	708.557328	NA	NA
4.352050	45.881513	8.577108	6.704079E-2	14.999991	874.100000	708.486720	NA	NA
4.360350	45.861819	8.579557	6.691961E-2	14.999984	873.900000	708.480827	NA	NA
4.368783	45.869636	8.586911	6.713167E-2	14.999980	873.300000	708.483170	NA	NA
4.377050	46.031274	8.595506	6.658638E-2	14.999983	872.600000	708.531533	NA	NA
4.385383	45.788300	8.605349	6.698021E-2	14.999977	871.800000	708.458831	NA	NA
4.393750	45.904344	8.617685	6.637432E-2	14.999991	870.800000	708.493569	NA	NA
4.402083	45.828550	8.626340	6.646521E-2	14.999989	870.100000	708.470888	NA	NA
4.410367	45.910728	8.637494	6.716197E-2	14.999996	869.200000	708.495488	NA	NA
4.418667	45.986902	8.646189	6.646521E-2	15.000015	868.500000	708.518281	NA	NA
4.427067	45.868995	8.654901	6.670756E-2	14.999996	867.800000	708.483006	NA	NA
4.435433	46.017794	8.666127	6.710138E-2	15.000020	866.900000	708.527530	NA	NA
4.443683	45.926645	8.682394	6.664697E-2	15.000007	865.600000	708.500269	NA	NA
4.452117	46.028651	8.697463	6.679843E-2	14.999994	864.400000	708.530790	NA	NA
4.460433	45.809268	8.712585	6.673785E-2	15.000018	863.200000	708.465152	NA	NA
4.469050	46.004334	8.725225	6.664696E-2	15.000034	862.200000	708.523528	NA	NA
4.477100	45.970889	8.734095	6.664696E-2	15.000017	861.500000	708.513527	NA	NA
4.485433	46.019704	8.742983	6.649549E-2	15.000030	860.800000	708.528133	NA	NA
4.493767	45.877898	8.750616	6.676814E-2	15.000016	860.200000	708.485709	NA	NA
4.502100	46.183835	8.756986	6.658638E-2	15.000035	859.700000	708.577214	NA	NA
4.510433	45.784514	8.762090	6.667726E-2	14.999992	859.300000	708.457761	NA	NA
4.518783	46.115191	8.769755	6.679843E-2	15.000004	858.700000	708.556698	NA	NA
4.527083	45.764271	8.778716	6.670755E-2	15.000005	858.000000	708.451708	NA	NA
4.535417	46.131049	8.786410	6.667726E-2	15.000034	857.400000	708.561446	NA	NA
4.543750	45.818410	8.787694	6.682873E-2	15.000027	857.300000	708.467919	NA	NA
4.552083	45.960398	8.794118	6.634402E-2	14.999996	856.800000	708.510413	NA	NA
4.560417	45.995525	8.806995	6.698021E-2	15.000025	855.800000	708.520927	NA	NA
4.568750	45.679770	8.819910	6.661668E-2	14.999980	854.800000	708.426419	NA	NA
4.577083	46.011657	8.831566	6.670755E-2	15.000007	853.900000	708.525762	NA	NA
4.585417	45.934944	8.840652	6.694990E-2	14.999993	853.200000	708.502817	NA	NA
4.593750	45.962403	8.844552	6.694990E-2	15.000002	852.900000	708.511033	NA	NA
4.602083	45.970565	8.848456	6.682874E-2	15.000015	852.600000	708.513477	NA	NA
4.610433	46.038666	8.853666	6.704079E-2	14.999999	852.200000	708.533849	NA	NA
4.618750	46.036145	8.860187	6.691962E-2	14.999986	851.700000	708.533098	NA	NA
4.627083	45.890478	8.865411	6.661667E-2	14.999996	851.300000	708.489521	NA	NA
4.635400	46.273463	8.865411	6.655608E-2	14.999976	851.300000	708.604042	NA	NA
4.643733	46.185631	8.870641	6.713168E-2	14.999963	850.900000	708.577797	NA	NA
4.652033	46.115750	8.873258	6.640461E-2	14.999978	850.700000	708.556907	NA	NA
4.660400	45.861339	8.874567	6.673785E-2	14.999977	850.600000	708.480804	NA	NA
4.668733	46.076095	8.879808	6.667726E-2	14.999982	850.200000	708.545053	NA	NA
4.677067	45.810540	8.891623	6.710138E-2	14.999994	849.300000	708.465606	NA	NA
4.685400	45.996147	8.903469	6.649550E-2	14.999977	848.400000	708.521152	NA	NA
4.693733	46.084593	8.917991	6.685903E-2	14.999963	847.300000	708.547610	NA	NA
4.702067	45.914933	8.929908	6.670756E-2	14.999981	846.400000	708.496865	NA	NA
4.710350	45.886411	8.937870	6.661668E-2	15.000006	845.800000	708.488333	NA	NA
4.718733	45.961662	8.943186	6.667726E-2	14.999999	845.400000	708.510852	NA	NA
4.727083	45.867496	8.945847	6.652579E-2	15.000018	845.200000	708.482676	NA	NA
4.735400	46.035951	8.948509	6.661668E-2	14.999986	845.000000	708.533076	NA	NA
4.743683	45.879983	8.949841	6.646521E-2	14.999978	844.900000	708.486415	NA	NA
4.752083	46.019919	8.953838	6.679844E-2	14.999999	844.600000	708.528283	NA	NA
4.760433	45.838269	8.960508	6.658638E-2	14.999983	844.100000	708.473934	NA	NA
4.768733	46.053797	8.975218	6.670756E-2	14.999994	843.000000	708.538424	NA	NA
4.777067	46.068154	8.989977	6.704079E-2	15.000002	841.900000	708.542723	NA	NA
4.785400	46.135269	9.002089	6.658638E-2	15.000011	841.000000	708.562795	NA	NA
4.793733	45.994215	9.010182	6.673785E-2	14.999998	840.400000	708.520617	NA	NA
4.802067	45.894401	9.020996	6.676815E-2	14.999984	839.600000	708.490758	NA	NA
4.810433	45.942341	9.033193	6.682874E-2	15.000022	838.700000	708.505108	NA	NA
4.818733	46.053144	9.042702	6.649550E-2	15.000015	838.000000	708.538256	NA	NA
4.827083	46.029844	9.053596	6.625315E-2	15.000034	837.200000	708.531292	NA	NA
4.835400	46.101209	9.065882	6.719226E-2	15.000000	836.300000	708.552638	NA	NA
4.843733	46.021808	9.075462	6.713167E-2	15.000014	835.600000	708.528897	NA	NA
4.851983	46.026461	9.085062	6.688932E-2	15.000006	834.900000	708.530293	NA	NA
4.860417	46.093394	9.096059	6.691961E-2	15.000023	834.100000	708.550313	NA	NA
4.868717	45.859454	9.105704	6.713167E-2	14.999987	833.400000	708.480334	NA	NA
4.877017	45.835920	9.115370	6.725284E-2	14.999998	832.700000	708.473294	NA	NA
4.885317	45.938246	9.129214	6.673785E-2	15.000005	831.700000	708.503921	NA	NA
4.893667	45.806131	9.138931	6.667726E-2	15.000025	831.000000	708.464386	NA	NA
4.901967	45.995484	9.147277	6.640461E-2	15.000015	830.400000	708.521052	NA	NA
4.910383	46.018529	9.152849	6.731344E-2	15.000006	830.000000	708.527948	NA	NA
4.918667	46.030887	9.155638	6.652579E-2	15.000019	829.800000	708.531645	NA	NA
4.927067	45.859451	9.161221	6.670755E-2	15.000022	829.400000	708.480355	NA	NA
4.935317	46.023333	9.169608	6.619255E-2	15.000010	828.800000	708.529391	NA	NA
4.943633	45.846045	9.180815	6.637432E-2	14.999980	828.000000	708.476351	NA	NA
4.952050	45.953792	9.189239	6.698020E-2	15.000009	827.400000	708.508597	NA	NA
4.960383	46.130298	9.194864	6.719226E-2	15.000009	827.000000	708.561387	NA	NA
4.968717	45.805766	9.200496	6.694991E-2	15.000011	826.600000	708.464301	NA	NA
4.976967	45.826468	9.208957	6.643491E-2	14.999984	826.000000	708.470502	NA	NA
4.985383	46.036517	9.220264	6.685902E-2	14.999957	825.200000	708.533355	NA	NA
4.993717	45.883362	9.228762	6.688932E-2	15.000000	824.600000	708.487538	NA	NA
5.002033	46.185204	9.237277	6.670755E-2	14.999976	824.000000	708.577817	NA	NA
5.010383	45.937042	9.244385	6.649549E-2	14.999934	823.500000	708.503608	NA	NA
5.018700	45.942289	9.248655	6.613196E-2	14.999940	823.200000	708.505179	NA	NA
5.027050	45.914946	9.252929	6.613196E-2	14.999965	822.900000	708.496999	NA	NA
5.035383	45.899875	9.257208	6.698020E-2	14.999975	822.600000	708.492491	NA	NA
5.043650	46.010440	9.260062	6.667726E-2	14.999981	822.400000	708.525571	NA	NA
5.051967	46.305749	9.268636	6.679843E-2	14.999959	821.800000	708.613851	NA	NA
5.060383	46.085193	9.278661	6.679843E-2	14.999977	821.100000	708.547935	NA	NA
5.068650	45.976386	9.287270	6.658638E-2	14.999983	820.500000	708.515395	NA	NA
5.077050	45.874211	9.297336	6.694990E-2	14.999990	819.800000	708.484827	NA	NA
5.085383	45.933684	9.308868	6.655608E-2	15.000009	819.000000	708.502629	NA	NA
5.093717	46.059368	9.317536	6.667726E-2	14.999993	818.400000	708.540228	NA	NA
5.102050	45.808299	9.326220	6.673785E-2	15.000002	817.800000	708.465110	NA	NA
5.110383	45.838565	9.332019	6.676814E-2	15.000005	817.400000	708.474172	NA	NA
5.118700	45.858968	9.337826	6.673785E-2	15.000029	817.000000	708.480281	NA	NA
5.127050	46.038143	9.346550	6.688932E-2	15.000009	816.400000	708.533892	NA	NA
5.135383	46.097124	9.358208	6.719226E-2	14.999971	815.600000	708.551534	NA	NA
5.143717	46.004560	9.361127	6.664696E-2	14.999975	815.400000	708.523853	NA	NA
5.152033	45.971620	9.368434	6.688932E-2	14.999996	814.900000	708.514002	NA	NA
5.160317	46.024684	9.372823	6.679843E-2	14.999968	814.600000	708.529877	NA	NA
5.168700	46.099274	9.377217	6.701049E-2	15.000000	814.300000	708.552184	NA	NA
5.177033	46.051785	9.381615	6.673785E-2	15.000023	814.000000	708.537986	NA	NA
5.185317	46.223017	9.391894	6.679843E-2	14.999984	813.300000	708.589180	NA	NA
5.193700	45.814486	9.406619	6.661667E-2	14.999999	812.300000	708.466994	NA	NA
5.202033	45.654075	9.418433	6.670755E-2	14.999986	811.500000	708.418964	NA	NA
5.210367	45.729277	9.430279	6.676814E-2	14.999996	810.700000	708.441492	NA	NA
5.218700	45.795756	9.440669	6.719226E-2	15.000008	810.000000	708.461401	NA	NA
5.227033	45.864772	9.451083	6.698019E-2	15.000009	809.300000	708.482064	NA	NA
5.235367	46.082979	9.460028	6.673784E-2	14.999988	808.700000	708.547345	NA	NA
5.243700	45.990375	9.470487	6.685901E-2	15.000025	808.000000	708.519653	NA	NA
5.252033	45.610315	9.482470	6.664696E-2	15.000012	807.200000	708.405880	NA	NA
5.260350	45.665632	9.489975	6.682872E-2	15.000002	806.700000	708.422454	NA	NA
5.268700	45.762994	9.494484	6.691960E-2	15.000009	806.400000	708.451613	NA	NA
5.277017	45.975012	9.498997	6.640460E-2	15.000003	806.100000	708.515069	NA	NA
5.285383	46.172258	9.508038	6.716195E-2	14.999994	805.500000	708.574056	NA	NA
5.293683	46.178157	9.518608	6.664696E-2	15.000010	804.800000	708.575823	NA	NA
5.302017	46.014959	9.530718	6.682872E-2	14.999989	804.000000	708.527031	NA	NA
5.310350	45.803804	9.535268	6.670754E-2	15.000011	803.700000	708.463848	NA	NA
5.318700	45.949236	9.544381	6.640460E-2	15.000002	803.100000	708.507375	NA	NA
5.327033	45.953613	9.550466	6.658637E-2	14.999987	802.700000	708.508687	NA	NA
5.335367	45.954912	9.556560	6.685901E-2	14.999993	802.300000	708.509078	NA	NA
5.343700	46.121271	9.562661	6.685901E-2	14.999989	801.900000	708.558835	NA	NA
5.352033	46.030575	9.570300	6.667725E-2	14.999986	801.400000	708.531717	NA	NA
5.360350	45.963471	9.574890	6.667725E-2	14.999972	801.100000	708.511646	NA	NA
5.368700	45.996845	9.582549	6.643490E-2	14.999975	800.600000	708.521633	NA	NA
5.377033	46.103716	9.593293	6.698020E-2	14.999984	799.900000	708.553598	NA	NA
5.385350	46.110542	9.604063	6.694990E-2	15.000009	799.200000	708.555643	NA	NA
5.393617	46.010997	9.611772	6.628343E-2	15.000003	798.700000	708.525878	NA	NA
5.402033	45.879252	9.617948	6.631372E-2	14.999996	798.300000	708.486463	NA	NA
5.410350	46.081116	9.625680	6.643490E-2	15.000027	797.800000	708.546854	NA	NA
5.418683	45.989883	9.636526	6.646519E-2	14.999977	797.100000	708.519572	NA	NA
5.427017	45.924234	9.652066	6.710137E-2	15.000014	796.100000	708.499937	NA	NA
5.435367	45.872666	9.667659	6.667725E-2	14.999995	795.100000	708.484512	NA	NA
5.443683	45.972520	9.677041	6.655607E-2	14.999989	794.500000	708.514394	NA	NA
5.452017	45.998825	9.686441	6.649549E-2	15.000011	793.900000	708.522266	NA	NA
5.460250	45.965473	9.691149	6.652578E-2	15.000035	793.600000	708.512291	NA	NA
5.468600	45.882331	9.694290	6.649549E-2	14.999994	793.400000	708.487415	NA	NA
5.476950	46.117812	9.700578	6.685901E-2	15.000015	793.000000	708.557855	NA	NA
5.485267	45.827157	9.705300	6.652579E-2	14.999992	792.700000	708.470905	NA	NA
5.493667	45.943251	9.714759	6.667725E-2	14.999964	792.100000	708.505652	NA	NA
5.502017	45.879183	9.727400	6.698020E-2	14.999988	791.300000	708.486486	NA	NA
5.510333	45.875090	9.738491	6.679843E-2	15.000011	790.600000	708.485265	NA	NA
5.518667	45.982434	9.743252	6.616226E-2	14.999973	790.300000	708.517386	NA	NA
5.526900	46.021434	9.748018	6.640460E-2	14.999981	790.000000	708.529053	NA	NA
5.535333	45.853145	9.754380	6.673785E-2	15.000022	789.600000	708.478703	NA	NA
5.543667	46.079516	9.759158	6.682873E-2	15.000000	789.300000	708.546428	NA	NA
5.552000	45.889549	9.763940	6.707108E-2	14.999987	789.000000	708.489603	NA	NA
5.560333	45.908418	9.767132	6.640461E-2	14.999967	788.800000	708.495250	NA	NA
5.568683	45.819433	9.775119	6.667726E-2	14.999996	788.300000	708.468621	NA	NA
5.576900	46.064326	9.783121	6.698021E-2	14.999985	787.800000	708.541895	NA	NA
5.585333	46.013095	9.795952	6.655608E-2	14.999984	787.000000	708.526578	NA	NA
5.593667	46.058674	9.807208	6.694991E-2	14.999989	786.300000	708.540214	NA	NA
5.602000	45.934754	9.816879	6.664696E-2	14.999975	785.700000	708.503150	NA	NA
5.610350	45.728009	9.823337	6.631373E-2	15.000023	785.300000	708.441267	NA	NA
5.618667	46.037719	9.826569	6.710137E-2	14.999993	785.100000	708.533955	NA	NA
5.627000	46.142804	9.834660	6.670755E-2	15.000018	784.600000	708.565380	NA	NA
5.635350	46.041256	9.847636	6.679843E-2	14.999988	783.800000	708.535021	NA	NA
5.643700	45.869768	9.860647	6.658638E-2	14.999973	783.000000	708.483720	NA	NA
5.652000	45.942950	9.870430	6.673785E-2	14.999981	782.400000	708.505623	NA	NA
5.660333	45.753464	9.878598	6.688932E-2	14.999995	781.900000	708.448911	NA	NA
5.668667	46.072906	9.888419	6.698021E-2	15.000034	781.300000	708.544502	NA	NA
5.677000	45.774304	9.899903	6.661668E-2	15.000044	780.600000	708.455159	NA	NA
5.685333	46.024884	9.911415	6.637432E-2	15.000024	779.900000	708.530149	NA	NA
5.693667	46.096882	9.919656	6.661668E-2	15.000031	779.400000	708.551683	NA	NA
5.702000	45.938462	9.926259	6.682874E-2	15.000016	779.000000	708.504302	NA	NA
5.710333	45.984977	9.936181	6.604109E-2	15.000018	778.400000	708.518222	NA	NA
5.718667	46.033575	9.941150	6.640462E-2	14.999998	778.100000	708.532760	NA	NA
5.727000	46.006390	9.949443	6.676815E-2	15.000020	777.600000	708.524632	NA	NA
5.735317	45.715029	9.961079	6.688932E-2	14.999993	776.900000	708.437434	NA	NA
5.743667	46.458078	9.971075	6.637432E-2	15.000004	776.300000	708.659623	NA	NA
5.752000	46.083475	9.981093	6.707109E-2	15.000001	775.700000	708.547698	NA	NA
5.760350	45.916730	9.991133	6.685903E-2	15.000008	775.100000	708.497825	NA	NA
5.768667	45.931188	10.004552	6.694991E-2	15.000007	774.300000	708.502156	NA	NA
5.777000	45.882639	10.014642	6.682874E-2	15.000048	773.700000	708.487632	NA	NA
5.785317	46.087578	10.026442	6.713167E-2	15.000019	773.000000	708.548943	NA	NA
5.793650	46.003658	10.036579	6.679843E-2	14.999985	772.400000	708.523849	NA	NA
5.801983	45.940361	10.046738	6.655608E-2	15.000006	771.800000	708.504917	NA	NA
5.810317	45.934140	10.055221	6.704079E-2	15.000022	771.300000	708.503059	NA	NA
5.818667	46.051673	10.063720	6.670755E-2	15.000009	770.800000	708.538220	NA	NA
5.826983	45.894369	10.075643	6.688932E-2	14.999993	770.100000	708.491166	NA	NA
5.835317	45.871154	10.085887	6.607138E-2	15.000029	769.500000	708.484223	NA	NA
5.843650	45.923917	10.096154	6.701049E-2	15.000006	768.900000	708.500016	NA	NA
5.851883	45.914341	10.106443	6.691961E-2	15.000018	768.300000	708.497155	NA	NA
5.860317	45.825109	10.116755	6.704079E-2	15.000010	767.700000	708.470453	NA	NA
5.868650	46.009487	10.130539	6.710137E-2	15.000007	766.900000	708.525629	NA	NA
5.876983	45.899579	10.144363	6.637432E-2	15.000023	766.100000	708.492752	NA	NA
5.885300	45.942174	10.156492	6.637432E-2	15.000014	765.400000	708.505502	NA	NA
5.893633	46.112867	10.166914	6.682873E-2	15.000020	764.800000	708.556559	NA	NA
5.902000	46.283746	10.168653	6.701049E-2	15.000018	764.700000	708.607632	NA	NA
5.910317	46.066897	10.170393	6.707108E-2	15.000002	764.600000	708.542814	NA	NA
5.918667	46.188168	10.175616	6.640461E-2	14.999978	764.300000	708.579073	NA	NA
5.926983	45.800915	10.186080	6.664696E-2	14.999975	763.700000	708.463237	NA	NA
5.935317	45.734256	10.193069	6.676814E-2	14.999989	763.300000	708.443282	NA	NA
5.943650	45.855827	10.194818	6.737403E-2	14.999989	763.200000	708.479678	NA	NA
5.951983	45.852693	10.200068	6.649549E-2	15.000014	762.900000	708.478742	NA	NA
5.960367	45.904625	10.203571	6.658638E-2	14.999978	762.700000	708.494285	NA	NA
5.968550	45.975955	10.203571	6.698020E-2	15.000013	762.700000	708.515627	NA	NA
5.976983	46.071633	10.207077	6.691961E-2	14.999976	762.500000	708.544245	NA	NA
5.985350	45.875491	10.210586	6.701049E-2	14.999980	762.300000	708.485569	NA	NA
5.993550	45.960828	10.215854	6.740431E-2	14.999956	762.000000	708.511106	NA	NA
6.001867	45.992617	10.222886	6.698020E-2	14.999957	761.600000	708.520618	NA	NA
6.010300	45.893587	10.231692	6.676814E-2	14.999976	761.100000	708.490993	NA	NA
6.018567	45.992883	10.238748	6.716196E-2	14.999981	760.700000	708.520704	NA	NA
6.026967	46.032039	10.245815	6.649549E-2	14.999985	760.300000	708.532419	NA	NA
6.035300	46.006709	10.256435	6.643490E-2	14.999967	759.700000	708.524847	NA	NA
6.043633	45.945304	10.261753	6.664697E-2	14.999973	759.400000	708.506479	NA	NA
6.051967	45.879170	10.274187	6.664697E-2	14.999997	758.700000	708.486695	NA	NA
6.060300	45.771952	10.288437	6.676815E-2	15.000002	757.900000	708.454606	NA	NA
6.068650	46.179900	10.295577	6.673785E-2	14.999980	757.500000	708.576648	NA	NA
6.076967	45.981011	10.300940	6.652579E-2	15.000002	757.200000	708.517177	NA	NA
6.085300	45.992547	10.309891	6.670756E-2	15.000000	756.700000	708.520631	NA	NA
6.093633	45.985103	10.324248	6.688932E-2	14.999999	755.900000	708.518410	NA	NA
6.101967	45.902150	10.335043	6.698021E-2	15.000017	755.300000	708.493595	NA	NA
6.110300	46.066717	10.345864	6.694991E-2	14.999987	754.700000	708.542828	NA	NA
6.118617	46.030719	10.358518	6.691962E-2	15.000007	754.000000	708.532067	NA	NA
6.126950	45.852676	10.369391	6.643491E-2	15.000023	753.400000	708.478802	NA	NA
6.135233	46.151371	10.376654	6.631374E-2	14.999999	753.000000	708.568151	NA	NA
6.143617	45.896827	10.385747	6.713168E-2	15.000003	752.500000	708.492022	NA	NA
6.151950	45.926287	10.393035	6.661668E-2	15.000012	752.100000	708.500840	NA	NA
6.160283	45.921808	10.402159	6.664697E-2	14.999995	751.600000	708.499503	NA	NA
6.168550	45.895221	10.411301	6.637432E-2	14.999994	751.100000	708.491551	NA	NA
6.176950	46.011347	10.424129	6.673785E-2	14.999997	750.400000	708.526298	NA	NA
6.185183	45.762462	10.435152	6.673785E-2	14.999982	749.800000	708.451820	NA	NA
6.193633	45.912941	10.442514	6.688932E-2	15.000017	749.400000	708.496865	NA	NA
6.201967	45.962557	10.448043	6.658638E-2	14.999999	749.100000	708.511712	NA	NA
6.210300	45.995263	10.453579	6.707109E-2	15.000009	748.800000	708.521498	NA	NA
6.218633	45.870066	10.460969	6.673785E-2	14.999996	748.400000	708.484042	NA	NA
6.226967	45.809274	10.468371	6.682874E-2	15.000006	748.000000	708.465848	NA	NA
6.235300	45.885506	10.472076	6.673785E-2	14.999996	747.800000	708.488667	NA	NA
6.243617	46.079923	10.475784	6.664697E-2	14.999988	747.600000	708.546827	NA	NA
6.251983	45.998861	10.479495	6.707109E-2	15.000019	747.400000	708.522585	NA	NA
6.260283	45.861271	10.483208	6.655609E-2	14.999994	747.200000	708.481418	NA	NA
6.268617	45.704741	10.486925	6.640462E-2	14.999985	747.000000	708.434556	NA	NA
6.276950	46.111082	10.488784	6.676815E-2	14.999966	746.900000	708.556149	NA	NA
6.285283	45.930847	10.488784	6.664697E-2	14.999958	746.900000	708.502241	NA	NA
6.293617	46.038124	10.492505	6.628344E-2	14.999965	746.700000	708.534333	NA	NA
6.301950	46.295298	10.499955	6.640462E-2	14.999953	746.300000	708.611210	NA	NA
6.310283	46.067934	10.507417	6.685903E-2	14.999972	745.900000	708.543254	NA	NA
6.318617	45.987860	10.516760	6.667726E-2	14.999961	745.400000	708.519308	NA	NA
6.326950	45.859905	10.522374	6.694991E-2	14.999976	745.100000	708.481024	NA	NA
6.335283	46.143504	10.531746	6.682874E-2	14.999960	744.600000	708.565858	NA	NA
6.343617	45.891148	10.537378	6.679844E-2	14.999996	744.300000	708.490380	NA	NA
6.351950	45.923425	10.550544	6.637432E-2	14.999980	743.600000	708.500043	NA	NA
6.360283	45.654878	10.565634	6.646521E-2	14.999970	742.800000	708.419651	NA	NA
6.368600	45.725321	10.576983	6.688932E-2	15.000014	742.200000	708.440753	NA	NA
6.376933	45.665665	10.582667	6.673786E-2	15.000004	741.900000	708.422888	NA	NA
6.385267	45.713428	10.590257	6.691962E-2	15.000033	741.500000	708.437196	NA	NA
6.393600	45.939098	10.597858	6.616227E-2	15.000015	741.100000	708.504751	NA	NA
6.401933	46.047863	10.609281	6.676815E-2	15.000008	740.500000	708.537290	NA	NA
6.410267	45.995446	10.626467	6.676815E-2	15.000014	739.600000	708.521619	NA	NA
6.418600	45.919117	10.641794	6.685904E-2	15.000001	738.800000	708.498789	NA	NA
6.426933	46.007939	10.655244	6.673786E-2	15.000013	738.100000	708.525367	NA	NA
6.435283	45.876806	10.666802	6.655610E-2	15.000000	737.500000	708.486137	NA	NA
6.443600	45.950333	10.680321	6.688933E-2	15.000024	736.800000	708.508143	NA	NA
6.451933	45.909195	10.689999	6.707110E-2	15.000023	736.300000	708.495838	NA	NA
6.460167	46.021741	10.701639	6.679845E-2	15.000013	735.700000	708.529513	NA	NA
6.468600	45.906317	10.713307	6.688933E-2	15.000010	735.100000	708.494986	NA	NA
6.476917	46.006655	10.717202	6.634404E-2	15.000036	734.900000	708.525006	NA	NA
6.485267	45.988371	10.721100	6.646521E-2	15.000006	734.700000	708.519538	NA	NA
6.493600	45.976517	10.725001	6.667727E-2	15.000008	734.500000	708.515994	NA	NA
6.501867	46.235178	10.726953	6.667727E-2	15.000030	734.400000	708.593333	NA	NA
6.510267	46.058956	10.732813	6.731345E-2	15.000000	734.100000	708.540654	NA	NA
6.518600	45.903856	10.740638	6.673786E-2	14.999977	733.700000	708.494260	NA	NA
6.526933	45.807424	10.746514	6.679845E-2	14.999977	733.400000	708.465400	NA	NA
6.535267	46.040060	10.756323	6.679845E-2	14.999966	732.900000	708.535012	NA	NA
6.543633	45.938703	10.766152	6.637433E-2	14.999980	732.400000	708.504696	NA	NA
6.551933	45.970118	10.770089	6.646521E-2	14.999992	732.200000	708.514096	NA	NA
6.560283	45.760319	10.774029	6.649551E-2	15.000009	732.000000	708.451307	NA	NA
6.568500	46.128333	10.781918	6.698021E-2	15.000013	731.600000	708.561417	NA	NA
6.576933	45.905786	10.791798	6.658638E-2	14.999976	731.100000	708.494856	NA	NA
6.585267	45.926635	10.797735	6.622285E-2	15.000001	730.800000	708.501097	NA	NA
6.593600	45.729694	10.805662	6.679844E-2	14.999974	730.400000	708.442149	NA	NA
6.601933	45.751192	10.813602	6.661668E-2	14.999976	730.000000	708.448589	NA	NA
6.610267	45.938940	10.819565	6.725286E-2	14.999987	729.700000	708.504787	NA	NA
6.618600	46.086810	10.823544	6.710138E-2	14.999977	729.500000	708.549018	NA	NA
6.626917	45.853796	10.827527	6.664697E-2	14.999945	729.300000	708.479311	NA	NA
6.635250	46.138692	10.829519	6.649550E-2	14.999951	729.200000	708.564532	NA	NA
6.643583	45.972406	10.825535	6.640462E-2	14.999937	729.400000	708.514802	NA	NA
6.651917	45.792022	10.821554	6.694991E-2	14.999972	729.600000	708.460817	NA	NA
6.660250	46.077242	10.827527	6.679844E-2	14.999943	729.300000	708.546158	NA	NA
6.668583	45.914434	10.841490	6.646521E-2	14.999963	728.600000	708.497463	NA	NA
6.676917	45.924682	10.859501	6.707109E-2	15.000000	727.700000	708.500536	NA	NA
6.685133	45.871849	10.875565	6.667726E-2	14.999975	726.900000	708.484732	NA	NA
6.693467	45.942954	10.887647	6.676815E-2	14.999986	726.300000	708.506014	NA	NA
6.701833	46.108874	10.899758	6.676815E-2	15.000005	725.700000	708.555644	NA	NA
6.712350	45.987090	10.909873	6.619256E-2	15.000005	725.200000	708.519226	NA	NA
6.719083	45.968808	10.915951	6.619256E-2	15.000018	724.900000	708.513759	NA	NA
6.727483	46.113273	10.922037	6.667726E-2	15.000025	724.600000	708.556967	NA	NA
6.735667	46.029028	10.926099	6.716197E-2	14.999992	724.400000	708.531776	NA	NA
6.744067	46.056340	10.930163	6.664697E-2	14.999995	724.200000	708.539946	NA	NA
6.752483	45.939753	10.934231	6.643491E-2	15.000002	724.000000	708.505073	NA	NA
6.760650	45.736567	10.946455	6.673785E-2	15.000018	723.400000	708.444260	NA	NA
6.768900	45.762373	10.954620	6.631374E-2	14.999987	723.000000	708.451990	NA	NA
6.777500	45.763040	10.960753	6.664697E-2	14.999960	722.700000	708.452192	NA	NA
6.785667	46.107828	10.966893	6.655609E-2	14.999996	722.400000	708.555356	NA	NA
6.794083	45.712144	10.970990	6.704079E-2	14.999983	722.200000	708.436955	NA	NA
6.802483	45.819852	10.979196	6.704079E-2	15.000000	721.800000	708.469207	NA	NA
6.810667	45.676901	10.985358	6.682874E-2	15.000013	721.500000	708.426405	NA	NA
6.819067	45.933466	10.995646	6.649550E-2	14.999991	721.000000	708.503215	NA	NA
6.827483	46.015415	11.010083	6.670756E-2	15.000037	720.300000	708.527736	NA	NA
6.835650	46.147030	11.022491	6.713168E-2	15.000011	719.700000	708.567097	NA	NA
6.844067	46.160035	11.030779	6.652579E-2	15.000016	719.300000	708.570988	NA	NA
6.852483	45.983007	11.037005	6.694990E-2	15.000004	719.000000	708.518052	NA	NA
6.860650	45.995644	11.043238	6.661667E-2	15.000023	718.700000	708.521835	NA	NA
6.869067	46.285845	11.051560	6.685903E-2	15.000011	718.300000	708.608594	NA	NA
6.877483	46.242797	11.057811	6.664696E-2	15.000024	718.000000	708.595733	NA	NA
6.885650	45.772645	11.066157	6.688932E-2	15.000033	717.600000	708.455107	NA	NA
6.894083	45.836037	11.076609	6.691962E-2	15.000035	717.100000	708.474088	NA	NA
6.902483	46.028296	11.089179	6.688932E-2	15.000037	716.500000	708.531618	NA	NA
6.910850	45.951998	11.105988	6.685903E-2	15.000025	715.700000	708.508801	NA	NA
6.919067	46.148824	11.118631	6.637432E-2	15.000011	715.100000	708.567669	NA	NA
6.927483	46.006983	11.124964	6.679843E-2	15.000028	714.800000	708.525257	NA	NA
6.935650	45.785621	11.135536	6.694990E-2	15.000054	714.300000	708.459018	NA	NA
6.944050	45.948512	11.144010	6.685902E-2	15.000013	713.900000	708.507772	NA	NA
6.952467	46.042729	11.148252	6.661667E-2	15.000027	713.700000	708.535957	NA	NA
6.960650	45.920230	11.152497	6.701050E-2	15.000035	713.500000	708.499313	NA	NA
6.969050	45.865703	11.154621	6.688932E-2	15.000002	713.400000	708.482996	NA	NA
6.977467	46.074145	11.163126	6.679844E-2	15.000015	713.000000	708.545357	NA	NA
6.985633	45.845488	11.175910	6.631374E-2	14.999992	712.400000	708.476954	NA	NA
6.994050	45.855596	11.186587	6.716197E-2	15.000004	711.900000	708.479983	NA	NA
7.002467	46.035532	11.193004	6.728315E-2	14.999984	711.600000	708.533821	NA	NA
7.010633	45.927810	11.205862	6.679844E-2	14.999974	711.000000	708.501601	NA	NA
7.019050	45.977910	11.218751	6.673785E-2	15.000006	710.400000	708.516595	NA	NA
7.027467	45.784519	11.231673	6.710138E-2	15.000023	709.800000	708.458723	NA	NA
7.035633	46.158839	11.238146	6.694990E-2	15.000005	709.500000	708.570707	NA	NA
7.044050	46.184437	11.248952	6.649549E-2	15.000022	709.000000	708.578363	NA	NA
7.052467	46.123588	11.255446	6.746490E-2	15.000010	708.700000	708.560175	NA	NA
7.060667	45.908916	11.259780	6.694990E-2	15.000034	708.500000	708.495967	NA	NA
7.069067	45.913746	11.266288	6.676814E-2	14.999989	708.200000	708.497415	NA	NA
7.077483	46.087838	11.270631	6.685902E-2	15.000009	708.000000	708.549492	NA	NA
7.085633	46.100759	11.277153	6.719226E-2	14.999999	707.700000	708.553357	NA	NA
7.094067	46.002588	11.283682	6.691962E-2	14.999973	707.400000	708.524001	NA	NA
7.102483	45.790444	11.292401	6.698021E-2	14.999984	707.000000	708.460520	NA	NA
7.110650	45.918886	11.301134	6.704079E-2	14.999987	706.600000	708.498966	NA	NA
7.119083	46.163513	11.309882	6.667726E-2	14.999992	706.200000	708.572130	NA	NA
7.127467	46.163023	11.318645	6.667726E-2	14.999976	705.800000	708.571987	NA	NA
7.135650	46.223158	11.336214	6.676815E-2	14.999993	705.000000	708.589967	NA	NA
7.144050	45.840242	11.342817	6.673785E-2	14.999999	704.700000	708.475445	NA	NA
7.152467	46.062712	11.353841	6.673785E-2	15.000013	704.200000	708.542009	NA	NA
7.160633	46.047553	11.364889	6.704080E-2	14.999997	703.700000	708.537479	NA	NA
7.169050	46.235186	11.375959	6.676815E-2	15.000006	703.200000	708.593576	NA	NA
7.177467	46.176705	11.389275	6.688933E-2	14.999992	702.600000	708.576103	NA	NA
7.185633	46.046541	11.400396	6.685904E-2	15.000015	702.100000	708.537190	NA	NA
7.194050	46.024592	11.409310	6.649551E-2	15.000015	701.700000	708.530628	NA	NA
7.202467	46.025184	11.422710	6.685904E-2	15.000020	701.100000	708.530810	NA	NA
7.210633	46.063924	11.433902	6.679845E-2	15.000022	700.600000	708.542400	NA	NA
7.219050	45.820068	11.442873	6.591992E-2	14.999989	700.200000	708.469443	NA	NA
7.227467	45.987372	11.449611	6.646521E-2	15.000012	699.900000	708.519510	NA	NA
7.235633	45.803641	11.454107	6.685904E-2	15.000006	699.700000	708.464529	NA	NA
7.244050	45.900129	11.454107	6.673786E-2	15.000004	699.700000	708.493409	NA	NA
7.252467	46.208547	11.458608	6.628344E-2	14.999993	699.500000	708.585645	NA	NA
7.260633	45.856045	11.465366	6.679844E-2	14.999965	699.200000	708.480220	NA	NA
7.269033	46.058255	11.467620	6.619256E-2	14.999972	699.100000	708.540717	NA	NA
7.277467	45.868160	11.469876	6.676815E-2	14.999981	699.000000	708.483847	NA	NA
7.285633	46.041672	11.474390	6.658639E-2	14.999978	698.800000	708.535761	NA	NA
7.294033	45.654382	11.478907	6.631374E-2	14.999969	698.600000	708.419842	NA	NA
7.302450	45.745238	11.483429	6.682874E-2	14.999955	698.400000	708.447054	NA	NA
7.310633	45.855296	11.490218	6.676815E-2	14.999984	698.100000	708.480005	NA	NA
7.319033	46.048352	11.497016	6.716198E-2	14.999989	697.800000	708.537767	NA	NA
7.327450	46.006307	11.506094	6.682874E-2	14.999969	697.400000	708.525195	NA	NA
7.335633	46.017907	11.510638	6.631374E-2	14.999960	697.200000	708.528666	NA	NA
7.344033	45.923964	11.517462	6.655610E-2	14.999957	696.900000	708.500564	NA	NA
7.352300	45.991809	11.524295	6.667727E-2	14.999991	696.600000	708.520864	NA	NA
7.360650	46.029156	11.533419	6.716198E-2	14.999999	696.200000	708.532039	NA	NA
7.369050	45.933753	11.540272	6.670757E-2	14.999973	695.900000	708.503501	NA	NA
7.377467	46.030156	11.542558	6.598051E-2	14.999971	695.800000	708.532341	NA	NA
7.385633	45.928245	11.547133	6.685904E-2	14.999986	695.600000	708.501856	NA	NA
7.394067	45.926865	11.554004	6.694992E-2	14.999986	695.300000	708.501446	NA	NA
7.402283	46.058665	11.560883	6.685904E-2	14.999975	695.000000	708.540874	NA	NA
7.410633	46.114499	11.567771	6.646521E-2	14.999971	694.700000	708.557572	NA	NA
7.419050	45.919498	11.576969	6.628345E-2	15.000002	694.300000	708.499250	NA	NA
7.427283	45.797602	11.586183	6.688933E-2	14.999981	693.900000	708.462770	NA	NA
7.435633	46.051640	11.593103	6.664698E-2	14.999954	693.600000	708.538785	NA	NA
7.444050	46.177938	11.602344	6.694992E-2	14.999987	693.200000	708.576549	NA	NA
7.452450	45.896882	11.606971	6.670757E-2	15.000004	693.000000	708.492493	NA	NA
7.460633	45.922431	11.609285	6.685904E-2	15.000002	692.900000	708.500139	NA	NA
7.469050	46.304121	11.613918	6.676815E-2	14.999977	692.700000	708.614260	NA	NA
7.477283	46.258946	11.627838	6.649551E-2	15.000007	692.100000	708.600768	NA	NA
7.485617	45.890438	11.637139	6.704080E-2	15.000052	691.700000	708.490575	NA	NA
7.494033	46.049946	11.646455	6.649551E-2	15.000002	691.300000	708.538298	NA	NA
7.502283	46.026694	11.662798	6.707110E-2	15.000005	690.600000	708.531349	NA	NA
7.510617	46.115844	11.676844	6.643492E-2	14.999986	690.000000	708.558013	NA	NA
7.519033	45.903547	11.693278	6.679845E-2	15.000016	689.300000	708.494519	NA	NA
7.527267	45.948453	11.709761	6.646521E-2	15.000040	688.600000	708.507961	NA	NA
7.535633	46.057011	11.726294	6.655610E-2	15.000042	687.900000	708.540439	NA	NA
7.544033	45.899167	11.740504	6.682875E-2	15.000071	687.300000	708.493225	NA	NA
7.552250	45.990774	11.749999	6.694993E-2	15.000027	686.900000	708.520636	NA	NA
7.560617	46.013959	11.759509	6.679845E-2	15.000055	686.500000	708.527575	NA	NA
7.569033	46.187821	11.769036	6.670757E-2	15.000036	686.100000	708.579563	NA	NA
7.577267	45.909489	11.778580	6.655610E-2	15.000052	685.700000	708.496328	NA	NA
7.585617	45.853165	11.785748	6.713168E-2	15.000015	685.400000	708.479474	NA	NA
7.594033	45.720734	11.792926	6.685904E-2	15.000022	685.100000	708.439829	NA	NA
7.602283	46.148221	11.800113	6.619257E-2	15.000004	684.800000	708.567737	NA	NA
7.610617	45.928649	11.804910	6.679845E-2	15.000017	684.600000	708.502070	NA	NA
7.619033	46.061753	11.814516	6.664698E-2	14.999994	684.200000	708.541889	NA	NA
7.627267	46.002575	11.816920	6.688933E-2	15.000006	684.100000	708.524191	NA	NA
7.635633	46.176663	11.821731	6.625316E-2	14.999991	683.900000	708.576247	NA	NA
7.644050	45.900587	11.831366	6.634404E-2	14.999989	683.500000	708.493683	NA	NA
7.652267	46.063734	11.838603	6.664698E-2	14.999956	683.200000	708.542490	NA	NA
7.660633	45.941014	11.848267	6.658639E-2	14.999987	682.800000	708.505785	NA	NA
7.669050	46.048044	11.860371	6.685904E-2	15.000000	682.300000	708.537806	NA	NA
7.677267	45.986647	11.874931	6.670757E-2	14.999973	681.700000	708.519447	NA	NA
7.685617	46.170024	11.889528	6.667727E-2	14.999944	681.100000	708.574287	NA	NA
7.694033	46.084824	11.901722	6.673786E-2	15.000000	680.600000	708.548819	NA	NA
7.702283	45.821650	11.909051	6.664698E-2	14.999999	680.300000	708.470085	NA	NA
7.710617	45.854403	11.911496	6.688933E-2	14.999980	680.200000	708.479890	NA	NA
7.719033	45.982966	11.918838	6.640463E-2	15.000011	679.900000	708.518361	NA	NA
7.727250	46.025672	11.928642	6.649551E-2	15.000007	679.500000	708.531139	NA	NA
7.735617	45.954567	11.936006	6.679845E-2	14.999995	679.200000	708.509872	NA	NA
7.744033	45.909202	11.948302	6.631374E-2	15.000024	678.700000	708.496303	NA	NA
7.752450	46.021882	11.958157	6.658639E-2	14.999999	678.300000	708.530016	NA	NA
7.760617	46.022981	11.963091	6.601080E-2	15.000000	678.100000	708.530347	NA	NA
7.769033	46.045860	11.965560	6.655610E-2	14.999996	678.000000	708.537190	NA	NA
7.777250	45.978991	11.965560	6.637433E-2	14.999976	678.000000	708.517189	NA	NA
7.785633	45.943270	11.972973	6.664698E-2	14.999985	677.700000	708.506505	NA	NA
7.794017	46.162241	11.977920	6.734374E-2	14.999986	677.500000	708.571992	NA	NA
7.802233	45.942059	11.985349	6.655610E-2	14.999964	677.200000	708.506147	NA	NA
7.810617	45.936873	11.997753	6.676815E-2	15.000007	676.700000	708.504600	NA	NA
7.819017	45.930048	12.007695	6.673786E-2	14.999988	676.300000	708.502561	NA	NA
7.827433	46.133803	12.012673	6.710139E-2	14.999998	676.100000	708.563503	NA	NA
7.835617	46.188678	12.020148	6.667727E-2	15.000033	675.800000	708.579909	NA	NA
7.844033	45.683862	12.032627	6.682874E-2	14.999999	675.300000	708.428872	NA	NA
7.852233	45.766739	12.042631	6.661668E-2	14.999997	674.900000	708.453693	NA	NA
7.860617	45.846653	12.047639	6.707110E-2	14.999955	674.700000	708.477619	NA	NA
7.869017	46.262335	12.055160	6.679845E-2	14.999969	674.400000	708.601934	NA	NA
7.877217	46.053252	12.060180	6.688933E-2	14.999960	674.200000	708.539434	NA	NA
7.885600	46.095595	12.062691	6.673786E-2	14.999972	674.100000	708.552097	NA	NA
7.894017	45.926730	12.065204	6.658639E-2	14.999989	674.000000	708.501589	NA	NA
7.902217	45.905146	12.067717	6.707110E-2	14.999973	673.900000	708.495131	NA	NA
7.910600	46.068913	12.072748	6.676815E-2	15.000001	673.700000	708.544122	NA	NA
7.919033	46.013357	12.077783	6.676815E-2	14.999935	673.500000	708.527509	NA	NA
7.927217	45.995458	12.082822	6.698021E-2	14.999957	673.300000	708.522157	NA	NA
7.935617	45.979821	12.085344	6.628345E-2	14.999988	673.200000	708.517480	NA	NA
7.944033	45.803694	12.095440	6.649550E-2	14.999962	672.800000	708.464776	NA	NA
7.952233	45.896732	12.108086	6.649550E-2	14.999992	672.300000	708.492628	NA	NA
7.960617	45.805117	12.118223	6.649550E-2	15.000017	671.900000	708.465210	NA	NA
7.969050	46.214908	12.128377	6.625315E-2	15.000031	671.500000	708.587787	NA	NA
7.977217	45.965687	12.138550	6.713168E-2	15.000022	671.100000	708.513270	NA	NA
7.985600	46.012339	12.148741	6.643491E-2	15.000015	670.700000	708.527229	NA	NA
7.994017	45.736955	12.164061	6.655609E-2	15.000001	670.100000	708.444819	NA	NA
8.002217	45.849608	12.176858	6.631374E-2	15.000030	669.600000	708.478549	NA	NA
8.010600	45.858371	12.189684	6.688932E-2	15.000035	669.100000	708.481176	NA	NA
8.019017	46.021028	12.202539	6.661668E-2	15.000039	668.600000	708.529847	NA	NA
8.027217	45.895771	12.210265	6.676815E-2	15.000029	668.300000	708.492376	NA	NA
8.035600	45.823924	12.220583	6.661668E-2	15.000012	667.900000	708.470877	NA	NA
8.044017	45.882336	12.228334	6.661668E-2	15.000033	667.600000	708.488362	NA	NA
8.052217	46.177413	12.238684	6.661668E-2	15.000027	667.200000	708.576620	NA	NA
8.060600	45.915223	12.246458	6.682874E-2	15.000014	666.900000	708.498210	NA	NA
8.069017	45.875486	12.256841	6.667726E-2	15.000004	666.500000	708.486322	NA	NA
8.077183	45.826053	12.269845	6.670757E-2	15.000039	666.000000	708.471531	NA	NA
8.085617	45.940663	12.282878	6.688932E-2	14.999999	665.500000	708.505835	NA	NA
8.094017	46.056950	12.295940	6.670756E-2	15.000018	665.000000	708.540624	NA	NA
8.102217	46.052768	12.303791	6.591991E-2	14.999987	664.700000	708.539376	NA	NA
8.110600	45.837283	12.311653	6.634403E-2	14.999989	664.400000	708.474907	NA	NA
8.119017	46.120484	12.322151	6.685903E-2	14.999986	664.000000	708.559631	NA	NA
8.127183	45.960785	12.332669	6.667726E-2	15.000028	663.600000	708.511872	NA	NA
8.135600	45.915848	12.337935	6.622285E-2	14.999994	663.400000	708.498429	NA	NA
8.144017	45.895564	12.348481	6.688932E-2	14.999988	663.000000	708.492363	NA	NA
8.152183	45.712403	12.356402	6.691962E-2	15.000016	662.700000	708.437534	NA	NA
8.160600	46.068795	12.359045	6.649550E-2	15.000002	662.600000	708.544188	NA	NA
8.169017	45.968315	12.364335	6.707109E-2	14.999995	662.400000	708.514136	NA	NA
8.177200	45.925268	12.372278	6.649550E-2	14.999982	662.100000	708.501260	NA	NA
8.185600	45.981530	12.377579	6.679844E-2	14.999984	661.900000	708.518094	NA	NA
8.194000	46.028140	12.382885	6.676815E-2	14.999985	661.700000	708.532038	NA	NA
8.202233	45.942246	12.390853	6.688932E-2	14.999973	661.400000	708.506346	NA	NA
8.210583	46.230117	12.398831	6.628344E-2	14.999988	661.100000	708.592428	NA	NA
8.219017	46.234506	12.406821	6.631374E-2	14.999987	660.800000	708.593742	NA	NA
8.227200	46.342742	12.412153	6.646521E-2	14.999969	660.600000	708.626082	NA	NA
8.235600	46.120480	12.420161	6.710138E-2	14.999957	660.300000	708.559664	NA	NA
8.244017	45.920910	12.425505	6.691962E-2	14.999983	660.100000	708.499974	NA	NA
8.252183	45.995103	12.430854	6.673785E-2	15.000009	659.900000	708.522173	NA	NA
8.260600	46.004251	12.438886	6.658638E-2	14.999987	659.600000	708.524912	NA	NA
8.268983	46.155159	12.441566	6.658638E-2	14.999981	659.500000	708.570039	NA	NA
8.277217	46.091661	12.446930	6.658638E-2	14.999968	659.300000	708.551056	NA	NA
8.285600	46.123828	12.454984	6.698021E-2	15.000010	659.000000	708.560677	NA	NA
8.294000	45.732420	12.460360	6.664697E-2	14.999971	658.800000	708.443565	NA	NA
8.302183	45.937930	12.463049	6.679845E-2	14.999975	658.700000	708.505080	NA	NA
8.310600	45.878759	12.468432	6.658638E-2	14.999986	658.500000	708.487376	NA	NA
8.319000	46.087264	12.476515	6.664697E-2	14.999952	658.200000	708.549752	NA	NA
8.327183	45.972274	12.479212	6.682874E-2	14.999962	658.100000	708.515361	NA	NA
8.335600	45.931587	12.481910	6.673785E-2	14.999976	658.000000	708.503189	NA	NA
8.344000	45.804093	12.487310	6.679844E-2	14.999965	657.800000	708.465033	NA	NA
8.352183	45.892498	12.492715	6.631374E-2	14.999995	657.600000	708.491496	NA	NA
8.360583	45.986309	12.503539	6.691962E-2	15.000023	657.200000	708.519568	NA	NA
8.369000	45.856256	12.508958	6.688932E-2	15.000031	657.000000	708.480655	NA	NA
8.377183	45.785871	12.517096	6.667726E-2	15.000014	656.700000	708.459589	NA	NA
8.385583	45.959098	12.527964	6.707109E-2	15.000007	656.300000	708.511436	NA	NA
8.394000	46.172187	12.538852	6.667726E-2	14.999999	655.900000	708.575163	NA	NA
8.402400	45.985628	12.541577	6.670756E-2	14.999982	655.800000	708.519377	NA	NA
8.410583	45.831998	12.547030	6.643491E-2	14.999975	655.600000	708.473408	NA	NA
8.419000	45.830429	12.557952	6.655609E-2	14.999973	655.200000	708.472942	NA	NA
8.427183	45.843543	12.563421	6.652580E-2	14.999992	655.000000	708.476869	NA	NA
8.435583	46.014378	12.568894	6.701051E-2	15.000007	654.800000	708.527986	NA	NA
8.444017	46.174603	12.577113	6.688933E-2	15.000014	654.500000	708.575898	NA	NA
8.452167	45.897730	12.582599	6.685903E-2	14.999992	654.300000	708.493093	NA	NA
8.460583	45.920780	12.593586	6.707110E-2	15.000011	653.900000	708.499994	NA	NA
8.469000	46.156069	12.604592	6.667727E-2	15.000029	653.500000	708.570367	NA	NA
8.477167	45.827681	12.612860	6.664697E-2	15.000020	653.200000	708.472138	NA	NA
8.485600	45.791629	12.621139	6.664697E-2	14.999978	652.900000	708.461348	NA	NA
8.494000	45.869254	12.626665	6.694991E-2	14.999977	652.700000	708.484586	NA	NA
8.502183	45.981589	12.634963	6.688932E-2	14.999980	652.400000	708.518201	NA	NA
8.510583	45.775458	12.646044	6.658638E-2	15.000004	652.000000	708.456516	NA	NA
8.519000	46.145376	12.657146	6.685903E-2	15.000008	651.600000	708.567189	NA	NA
8.527217	45.954974	12.671051	6.640462E-2	15.000012	651.100000	708.510252	NA	NA
8.535133	45.899439	12.679409	6.643491E-2	15.000046	650.800000	708.493638	NA	NA
8.544017	45.966064	12.687779	6.661668E-2	15.000026	650.500000	708.513575	NA	NA
8.552200	46.069434	12.696160	6.625315E-2	15.000022	650.200000	708.544496	NA	NA
8.560600	45.953756	12.704553	6.637432E-2	15.000038	649.900000	708.509899	NA	NA
8.569017	45.800388	12.712957	6.688932E-2	15.000011	649.600000	708.464002	NA	NA
8.577200	46.099870	12.718566	6.646521E-2	14.999996	649.400000	708.553605	NA	NA
8.585600	46.098337	12.726989	6.679844E-2	15.000023	649.100000	708.553149	NA	NA
8.593983	46.130985	12.738238	6.679844E-2	15.000023	648.700000	708.562915	NA	NA
8.602333	46.043265	12.749508	6.655609E-2	15.000030	648.300000	708.536689	NA	NA
8.612700	45.935412	12.760798	6.688932E-2	15.000011	647.900000	708.504430	NA	NA
8.618450	46.071363	12.769279	6.604109E-2	15.000014	647.600000	708.545098	NA	NA
8.626650	46.061000	12.780605	6.707109E-2	14.999970	647.200000	708.542003	NA	NA
8.634967	46.053850	12.789113	6.640462E-2	15.000000	646.900000	708.539868	NA	NA
8.643450	45.648544	12.800475	6.670756E-2	14.999991	646.500000	708.418561	NA	NA
8.651783	45.573125	12.811858	6.682874E-2	15.000033	646.100000	708.395969	NA	NA
8.659967	45.682214	12.823262	6.652579E-2	15.000023	645.700000	708.428654	NA	NA
8.668433	46.095515	12.831829	6.631374E-2	15.000007	645.400000	708.552342	NA	NA
8.676767	46.060856	12.840407	6.682874E-2	15.000007	645.100000	708.541981	NA	NA
8.685100	45.892575	12.848997	6.698021E-2	15.000023	644.800000	708.491642	NA	NA
8.693333	45.902689	12.857599	6.676815E-2	14.999997	644.500000	708.494671	NA	NA
8.701767	45.844094	12.866213	6.649550E-2	14.999966	644.200000	708.477138	NA	NA
8.710100	46.044969	12.877716	6.625314E-2	14.999989	643.800000	708.537242	NA	NA
8.718283	46.006223	12.886358	6.622285E-2	14.999982	643.500000	708.525656	NA	NA
8.726633	45.876612	12.895011	6.649550E-2	15.000007	643.200000	708.486880	NA	NA
8.734950	45.939248	12.906567	6.704079E-2	15.000002	642.800000	708.505627	NA	NA
8.743433	45.840408	12.915249	6.664696E-2	15.000015	642.500000	708.476052	NA	NA
8.751767	45.978612	12.915249	6.716197E-2	14.999977	642.500000	708.517407	NA	NA
8.760100	46.005615	12.921043	6.698021E-2	14.999997	642.300000	708.525486	NA	NA
8.768417	45.905932	12.929744	6.601079E-2	14.999974	642.000000	708.495667	NA	NA
8.776783	45.831576	12.944272	6.670756E-2	14.999991	641.500000	708.473418	NA	NA
8.785083	45.848562	12.947182	6.664697E-2	14.999993	641.400000	708.478503	NA	NA
8.793417	45.948548	12.953005	6.710138E-2	15.000001	641.200000	708.508426	NA	NA
8.801750	46.056662	12.961750	6.673785E-2	14.999987	640.900000	708.540768	NA	NA
8.810100	45.993334	12.973429	6.673785E-2	15.000008	640.500000	708.521831	NA	NA
8.818433	45.789592	12.982203	6.688932E-2	14.999997	640.200000	708.460863	NA	NA
8.826633	45.733197	12.993919	6.710138E-2	14.999988	639.800000	708.443981	NA	NA
8.835100	45.556832	13.002721	6.667726E-2	15.000005	639.500000	708.391152	NA	NA
8.843433	46.005199	13.011535	6.661667E-2	15.000004	639.200000	708.525393	NA	NA
8.851817	46.102010	13.020361	6.667726E-2	15.000038	638.900000	708.554348	NA	NA
8.860100	45.936574	13.032148	6.734373E-2	15.000020	638.500000	708.504870	NA	NA
8.868283	46.071723	13.041002	6.655608E-2	14.999995	638.200000	708.545299	NA	NA
8.876650	46.045689	13.049869	6.679843E-2	15.000007	637.900000	708.537516	NA	NA
8.884950	45.954864	13.058748	6.655608E-2	15.000013	637.600000	708.510351	NA	NA
8.893417	45.937910	13.070605	6.685902E-2	15.000008	637.200000	708.505283	NA	NA
8.901750	45.836700	13.079513	6.649549E-2	14.999977	636.900000	708.474997	NA	NA
8.909983	45.867879	13.091409	6.682873E-2	14.999998	636.500000	708.484334	NA	NA
8.918283	46.037177	13.103327	6.707108E-2	14.999973	636.100000	708.534989	NA	NA
8.926650	46.120797	13.115267	6.670755E-2	14.999962	635.700000	708.559997	NA	NA
8.935083	46.034038	13.124237	6.664696E-2	14.999980	635.400000	708.534057	NA	NA
8.943300	45.899516	13.133219	6.655608E-2	15.000005	635.100000	708.493815	NA	NA
8.951617	45.848973	13.136216	6.664696E-2	15.000009	635.000000	708.478690	NA	NA
8.959933	45.984633	13.145215	6.716196E-2	15.000030	634.700000	708.519286	NA	NA
8.968500	45.922188	13.151221	6.658638E-2	14.999998	634.500000	708.500606	NA	NA
8.976767	45.532446	13.157232	6.661667E-2	15.000013	634.300000	708.383896	NA	NA
8.985083	45.575761	13.166260	6.643490E-2	15.000000	634.000000	708.396880	NA	NA
8.993433	45.753084	13.172286	6.676814E-2	14.999974	633.800000	708.449996	NA	NA
9.001767	45.999264	13.178317	6.622285E-2	14.999998	633.600000	708.523674	NA	NA
9.010083	45.940404	13.187374	6.707108E-2	15.000015	633.300000	708.506068	NA	NA
9.018417	45.861776	13.190396	6.676814E-2	15.000004	633.200000	708.482540	NA	NA
9.026750	45.785817	13.199470	6.679843E-2	14.999973	632.900000	708.459806	NA	NA
9.035083	46.022683	13.205526	6.652579E-2	14.999982	632.700000	708.530688	NA	NA
9.043417	45.868435	13.208556	6.667726E-2	14.999975	632.600000	708.484539	NA	NA
9.051750	45.915795	13.211588	6.713168E-2	15.000009	632.500000	708.498713	NA	NA
9.060083	46.104662	13.211588	6.661668E-2	14.999998	632.500000	708.555206	NA	NA
9.068400	46.147852	13.214621	6.688932E-2	14.999978	632.400000	708.568119	NA	NA
9.076750	45.901378	13.217655	6.655608E-2	14.999953	632.300000	708.494401	NA	NA
9.085067	46.171010	13.220691	6.710137E-2	14.999944	632.200000	708.575044	NA	NA
9.093400	45.956115	13.226767	6.701050E-2	14.999954	632.000000	708.510782	NA	NA
9.101750	46.182726	13.235892	6.649550E-2	14.999949	631.700000	708.578551	NA	NA
9.110083	46.004509	13.241982	6.637432E-2	14.999982	631.500000	708.525264	NA	NA
9.118350	45.989859	13.245029	6.691962E-2	14.999955	631.400000	708.520883	NA	NA
9.126617	46.106515	13.248078	6.661668E-2	14.999955	631.300000	708.555772	NA	NA
9.134933	45.932930	13.254179	6.698021E-2	14.999978	631.100000	708.503855	NA	NA
9.143450	45.786447	13.263342	6.664697E-2	15.000001	630.800000	708.460016	NA	NA
9.151617	45.818750	13.275579	6.664696E-2	14.999992	630.400000	708.469690	NA	NA
9.160083	46.141222	13.281706	6.701049E-2	15.000025	630.200000	708.566160	NA	NA
9.168400	46.073768	13.293977	6.707108E-2	15.000033	629.800000	708.545995	NA	NA
9.176767	45.870080	13.300121	6.704079E-2	14.999990	629.600000	708.485062	NA	NA
9.185050	45.695490	13.306270	6.698020E-2	14.999989	629.400000	708.432794	NA	NA
9.193400	46.033573	13.312426	6.685902E-2	15.000025	629.200000	708.533981	NA	NA
9.201600	46.160807	13.321670	6.640461E-2	14.999990	628.900000	708.572028	NA	NA
9.210067	45.895615	13.327840	6.622285E-2	15.000016	628.700000	708.492714	NA	NA
9.218400	46.034241	13.343289	6.682873E-2	15.000002	628.200000	708.534191	NA	NA
9.226583	45.911824	13.349479	6.688932E-2	14.999998	628.000000	708.497571	NA	NA
9.235067	45.989136	13.361877	6.652579E-2	14.999999	627.600000	708.520706	NA	NA
9.243400	46.105750	13.371190	6.682873E-2	15.000013	627.300000	708.555585	NA	NA
9.251717	45.830669	13.383627	6.640461E-2	15.000002	626.900000	708.473294	NA	NA
9.260033	45.884725	13.392971	6.682874E-2	14.999999	626.600000	708.489476	NA	NA
9.268283	46.041374	13.402327	6.667726E-2	15.000015	626.300000	708.536344	NA	NA
9.276583	45.988669	13.411697	6.628343E-2	15.000030	626.000000	708.520583	NA	NA
9.285050	45.900403	13.421080	6.646520E-2	15.000020	625.700000	708.494178	NA	NA
9.293383	45.890773	13.430476	6.679843E-2	15.000019	625.400000	708.491299	NA	NA
9.301717	46.043547	13.443024	6.667726E-2	15.000027	625.000000	708.537008	NA	NA
9.310067	46.104816	13.455596	6.698020E-2	15.000056	624.600000	708.555333	NA	NA
9.318233	45.771836	13.465040	6.655608E-2	15.000015	624.300000	708.455709	NA	NA
9.326633	45.750402	13.471344	6.685902E-2	15.000023	624.100000	708.449293	NA	NA
9.335050	45.976253	13.480810	6.682873E-2	15.000003	623.800000	708.516892	NA	NA
9.343383	45.988730	13.490289	6.646520E-2	14.999997	623.500000	708.520627	NA	NA
9.351717	45.854386	13.499782	6.655608E-2	15.000012	623.200000	708.480432	NA	NA
9.360050	46.366492	13.512460	6.652579E-2	15.000014	622.800000	708.633550	NA	NA
9.368400	46.257011	13.518808	6.670755E-2	15.000029	622.600000	708.600846	NA	NA
9.376750	46.156973	13.528341	6.661667E-2	14.999994	622.300000	708.570951	NA	NA
9.384900	46.012347	13.534704	6.691961E-2	15.000034	622.100000	708.527706	NA	NA
9.393400	45.951086	13.541073	6.631373E-2	14.999961	621.900000	708.509382	NA	NA
9.401717	45.992623	13.550637	6.631373E-2	14.999973	621.600000	708.521812	NA	NA
9.410000	45.832318	13.560214	6.646521E-2	15.000006	621.300000	708.473847	NA	NA
9.418383	46.058422	13.576207	6.616226E-2	14.999970	620.800000	708.541500	NA	NA
9.426567	45.876631	13.582615	6.682874E-2	14.999995	620.600000	708.487117	NA	NA
9.435050	46.021189	13.595448	6.691962E-2	15.000009	620.200000	708.530371	NA	NA
9.443400	46.031355	13.605088	6.688932E-2	14.999986	619.900000	708.533415	NA	NA
9.451767	45.959995	13.617964	6.682874E-2	14.999999	619.500000	708.512073	NA	NA
9.460050	45.971525	13.624411	6.655609E-2	14.999995	619.300000	708.515525	NA	NA
9.468400	46.189693	13.630863	6.658638E-2	14.999986	619.100000	708.580765	NA	NA
9.476567	45.881686	13.637322	6.643490E-2	15.000023	618.900000	708.488648	NA	NA
9.484900	46.054965	13.647022	6.664696E-2	14.999995	618.600000	708.540490	NA	NA
9.493283	46.153157	13.656735	6.679844E-2	15.000000	618.300000	708.569852	NA	NA
9.501617	45.932232	13.666462	6.694991E-2	14.999996	618.000000	708.503783	NA	NA
9.510067	45.937736	13.672954	6.688932E-2	15.000012	617.800000	708.505432	NA	NA
9.518383	45.814775	13.679453	6.634402E-2	14.999994	617.600000	708.468635	NA	NA
9.526717	45.988064	13.685957	6.682873E-2	14.999990	617.400000	708.520493	NA	NA
9.535050	46.061408	13.689212	6.658638E-2	14.999996	617.300000	708.542431	NA	NA
9.543383	46.012718	13.695725	6.664696E-2	15.000032	617.100000	708.527871	NA	NA
9.551717	45.993155	13.702245	6.682873E-2	14.999952	616.900000	708.522021	NA	NA
9.559900	45.866556	13.712036	6.676814E-2	15.000007	616.600000	708.484145	NA	NA
9.568367	45.875997	13.718571	6.679843E-2	14.999970	616.400000	708.486972	NA	NA
9.576700	45.848282	13.725112	6.694990E-2	14.999974	616.200000	708.478679	NA	NA
9.585033	46.061281	13.728385	6.649549E-2	14.999989	616.100000	708.542406	NA	NA
9.593367	45.922594	13.734936	6.688932E-2	14.999998	615.900000	708.500922	NA	NA
9.601700	46.016209	13.741492	6.664696E-2	14.999973	615.700000	708.528930	NA	NA
9.610033	45.989387	13.748055	6.698020E-2	14.999997	615.500000	708.520909	NA	NA
9.618350	45.922357	13.751339	6.652579E-2	14.999951	615.400000	708.500856	NA	NA
9.626683	46.109528	13.754624	6.673785E-2	14.999942	615.300000	708.556841	NA	NA
9.635017	45.910092	13.757911	6.646520E-2	15.000003	615.200000	708.497188	NA	NA
9.643350	45.823796	13.764489	6.658638E-2	15.000011	615.000000	708.471363	NA	NA
9.651567	45.949210	13.774368	6.682873E-2	15.000000	614.700000	708.508898	NA	NA
9.659883	45.602117	13.787562	6.661667E-2	14.999991	614.300000	708.404983	NA	NA
9.668233	45.741659	13.800780	6.707108E-2	15.000014	613.900000	708.446784	NA	NA
9.676550	46.010661	13.810711	6.658638E-2	15.000010	613.600000	708.527293	NA	NA
9.684883	45.982488	13.810711	6.707109E-2	15.000028	613.600000	708.518866	NA	NA
9.693533	45.766027	13.817339	6.698021E-2	15.000001	613.400000	708.454086	NA	NA
9.701550	45.887208	13.830613	6.707109E-2	14.999975	613.000000	708.490364	NA	NA
9.709883	46.127861	13.837260	6.670756E-2	14.999961	612.800000	708.562349	NA	NA
9.718367	45.988605	13.843913	6.652579E-2	14.999977	612.600000	708.520706	NA	NA
9.726700	45.937482	13.850572	6.643491E-2	15.000001	612.400000	708.505414	NA	NA
9.734917	45.798974	13.860573	6.725285E-2	15.000012	612.100000	708.463964	NA	NA
9.743383	46.148276	13.867248	6.688932E-2	14.999989	611.900000	708.568462	NA	NA
9.751533	46.267976	13.877272	6.685903E-2	15.000023	611.600000	708.604240	NA	NA
9.759867	46.068656	13.883963	6.667726E-2	14.999995	611.400000	708.544662	NA	NA
9.768367	46.065298	13.894011	6.649550E-2	15.000010	611.100000	708.543661	NA	NA
9.776617	45.914950	13.900718	6.670756E-2	15.000000	610.900000	708.498689	NA	NA
9.785033	45.900997	13.910789	6.688932E-2	14.999991	610.600000	708.494517	NA	NA
9.793367	45.871781	13.924240	6.649550E-2	15.000037	610.200000	708.485778	NA	NA
9.801717	46.056919	13.937717	6.634403E-2	15.000015	609.800000	708.541170	NA	NA
9.810033	45.964959	13.951219	6.688932E-2	15.000020	609.400000	708.513668	NA	NA
9.818233	46.033251	13.957980	6.694991E-2	15.000007	609.200000	708.534098	NA	NA
9.826533	45.757354	13.968133	6.634403E-2	15.000015	608.900000	708.451538	NA	NA
9.835017	46.091936	13.978300	6.673785E-2	15.000015	608.600000	708.551654	NA	NA
9.843350	45.866750	13.988482	6.694991E-2	15.000026	608.300000	708.484293	NA	NA
9.851683	45.805812	14.002080	6.691962E-2	15.000026	607.900000	708.466057	NA	NA
9.860000	45.909680	14.015704	6.701049E-2	15.000032	607.500000	708.497149	NA	NA
9.868367	46.135580	14.025938	6.655608E-2	14.999997	607.200000	708.564718	NA	NA
9.876683	45.896898	14.039607	6.722255E-2	15.000010	606.800000	708.493332	NA	NA
9.884850	45.879602	14.049876	6.652579E-2	15.000013	606.500000	708.488159	NA	NA
9.893233	45.913776	14.060159	6.685902E-2	15.000026	606.200000	708.498389	NA	NA
9.901683	46.106271	14.067023	6.649549E-2	15.000019	606.000000	708.555969	NA	NA
9.909983	45.733840	14.073893	6.667726E-2	15.000028	605.800000	708.444531	NA	NA
9.918333	45.995498	14.087653	6.688932E-2	15.000035	605.400000	708.522847	NA	NA
9.926667	45.825468	14.097990	6.679843E-2	14.999996	605.100000	708.471972	NA	NA
9.935000	46.076734	14.108342	6.701049E-2	14.999985	604.800000	708.547150	NA	NA
9.943333	45.862102	14.122167	6.652579E-2	14.999990	604.400000	708.482945	NA	NA
9.951667	45.962097	14.129090	6.679843E-2	14.999980	604.200000	708.512869	NA	NA
9.960000	45.884138	14.136019	6.698021E-2	15.000009	604.000000	708.489544	NA	NA
9.968350	45.951065	14.142954	6.737403E-2	14.999974	603.800000	708.509573	NA	NA
9.976533	45.934917	14.149897	6.637432E-2	14.999978	603.600000	708.504744	NA	NA
9.984867	46.007038	14.153370	6.643491E-2	14.999971	603.500000	708.526320	NA	NA
9.993183	46.269752	14.160322	6.704079E-2	14.999998	603.300000	708.604862	NA	NA
10.001517	46.309574	14.163801	6.673785E-2	15.000017	603.200000	708.616761	NA	NA
10.009933	45.901360	14.170763	6.649550E-2	14.999980	603.000000	708.494709	NA	NA
10.018183	45.855928	14.177731	6.676815E-2	14.999994	602.800000	708.481115	NA	NA
10.026683	46.045239	14.181218	6.719226E-2	14.999999	602.700000	708.537755	NA	NA
10.035000	45.703859	14.191688	6.707109E-2	14.999967	602.400000	708.435591	NA	NA
10.043183	45.760049	14.198677	6.704079E-2	14.999965	602.200000	708.452419	NA	NA
10.052583	45.939051	14.209172	6.691962E-2	14.999983	601.900000	708.506000	NA	NA
10.060533	46.019626	14.212673	6.667726E-2	14.999950	601.800000	708.530105	NA	NA
10.068883	45.815444	14.212673	6.613196E-2	14.999975	601.800000	708.469008	NA	NA
10.077133	45.987840	14.219682	6.655608E-2	14.999987	601.600000	708.520599	NA	NA
10.085033	45.735392	14.223188	6.679843E-2	14.999967	601.500000	708.445044	NA	NA
10.093717	45.909865	14.230207	6.694990E-2	15.000025	601.300000	708.497273	NA	NA
10.101683	46.157906	14.240747	6.694990E-2	15.000014	601.000000	708.571462	NA	NA
10.110517	45.921107	14.254823	6.664696E-2	15.000013	600.600000	708.500645	NA	NA
10.118700	45.998258	14.261872	6.664696E-2	14.999953	600.400000	708.523729	NA	NA
10.127100	45.835657	14.265399	6.649549E-2	14.999993	600.300000	708.475076	NA	NA
10.135317	46.031405	14.275989	6.682873E-2	15.000011	600.000000	708.533648	NA	NA
10.143700	46.053356	14.286594	6.649550E-2	15.000006	599.700000	708.540216	NA	NA
10.152100	45.994383	14.293673	6.682873E-2	15.000020	599.500000	708.522580	NA	NA
10.160517	43.272893	14.304303	6.673785E-2	14.999987	599.200000	707.703923	NA	NA
10.168683	15.153312	14.311399	6.664696E-2	14.999999	599.000000	698.656281	NA	NA
10.177683	15.033784	14.318501	6.634402E-2	14.999998	598.800000	698.615302	NA	NA
10.185517	15.049280	14.332726	6.752550E-2	14.999977	598.400000	698.620621	NA	NA
10.193700	15.057899	14.339848	6.694991E-2	14.999989	598.200000	698.623579	NA	NA
10.202117	15.068527	14.343412	6.670756E-2	15.000001	598.100000	698.627224	NA	NA
10.210517	15.054791	14.357684	6.673785E-2	14.999993	597.700000	698.622518	NA	NA
10.218717	15.053640	14.368406	6.655609E-2	14.999996	597.400000	698.622127	NA	NA
10.227117	15.055628	14.379143	6.634403E-2	14.999977	597.100000	698.622812	NA	NA
10.235533	15.065438	14.389896	6.637432E-2	14.999976	596.800000	698.626180	NA	NA
10.243700	15.058001	14.397073	6.661668E-2	15.000004	596.600000	698.623631	NA	NA
10.252117	15.051558	14.407851	6.682874E-2	15.000044	596.300000	698.621426	NA	NA
10.260533	15.071221	14.418644	6.667726E-2	14.999997	596.000000	698.628171	NA	NA
10.268717	14.919621	14.429453	6.652579E-2	14.999998	595.700000	698.576172	NA	NA
10.277133	14.790046	14.443890	6.679844E-2	15.000016	595.300000	698.531700	NA	NA
10.285367	14.755992	14.458353	6.655609E-2	14.999980	594.900000	698.520011	NA	NA
10.293717	14.709731	14.469219	6.667726E-2	15.000007	594.600000	698.504126	NA	NA
10.302133	14.741458	14.480100	6.698021E-2	15.000002	594.300000	698.515026	NA	NA
10.310533	14.732995	14.487363	6.670756E-2	15.000004	594.100000	698.512122	NA	NA
10.318733	14.762609	14.494633	6.646521E-2	15.000057	593.900000	698.522294	NA	NA
10.327117	14.750585	14.505551	6.667726E-2	15.000001	593.600000	698.518169	NA	NA
10.335383	14.802275	14.512838	6.676815E-2	15.000027	593.400000	698.535920	NA	NA
10.343733	14.848757	14.516484	6.688932E-2	14.999970	593.300000	698.551879	NA	NA
10.352133	14.893294	14.527433	6.622285E-2	15.000004	593.000000	698.567169	NA	NA
10.360533	14.960269	14.534741	6.679844E-2	14.999991	592.800000	698.590152	NA	NA
10.368717	14.894679	14.545716	6.616227E-2	14.999961	592.500000	698.567650	NA	NA
10.377117	14.837807	14.553042	6.616227E-2	15.000005	592.300000	698.548131	NA	NA
10.385333	14.785021	14.560374	6.694991E-2	15.000007	592.100000	698.530011	NA	NA
10.393717	14.758229	14.567714	6.634403E-2	14.999976	591.900000	698.520813	NA	NA
10.402117	14.753467	14.578736	6.725285E-2	14.999985	591.600000	698.519181	NA	NA
10.410533	14.751491	14.593457	6.673785E-2	14.999999	591.200000	698.518507	NA	NA
10.418717	14.815384	14.600828	6.682874E-2	14.999986	591.000000	698.540448	NA	NA
10.427117	14.815724	14.608206	6.688932E-2	14.999942	590.800000	698.540567	NA	NA
10.435517	14.858056	14.619287	6.649550E-2	15.000004	590.500000	698.555103	NA	NA
10.443700	14.920403	14.626682	6.731344E-2	15.000015	590.300000	698.576502	NA	NA
10.452117	14.910086	14.630383	6.649550E-2	15.000003	590.200000	698.572963	NA	NA
10.460367	14.519864	14.634085	6.728315E-2	14.999986	590.100000	698.438930	NA	NA
10.468700	13.543541	14.641495	6.661668E-2	15.000005	589.900000	698.102483	NA	NA
10.477117	13.663114	14.648912	6.698021E-2	14.999990	589.700000	698.143776	NA	NA
10.485517	13.767960	14.660051	6.631374E-2	15.000022	589.400000	698.179965	NA	NA
10.493717	14.572630	14.667486	6.661668E-2	15.000010	589.200000	698.457079	NA	NA
10.501967	14.876762	14.678651	6.722256E-2	15.000015	588.900000	698.561542	NA	NA
10.510517	14.881592	14.689832	6.667726E-2	14.999946	588.600000	698.563203	NA	NA
10.518700	14.910591	14.693563	6.691962E-2	14.999976	588.500000	698.573156	NA	NA
10.527100	14.921468	14.704766	6.658638E-2	14.999973	588.200000	698.576892	NA	NA
10.535350	14.901630	14.712243	6.713168E-2	14.999986	588.000000	698.570086	NA	NA
10.543700	14.876276	14.719728	6.661668E-2	14.999993	587.800000	698.561387	NA	NA
10.552117	14.873135	14.723473	6.728315E-2	14.999984	587.700000	698.560311	NA	NA
10.560383	14.923317	14.730968	6.661667E-2	14.999970	587.500000	698.577534	NA	NA
10.568700	14.943969	14.742225	6.698021E-2	14.999978	587.200000	698.584624	NA	NA
10.577117	14.972354	14.749738	6.679844E-2	14.999959	587.000000	698.594365	NA	NA
10.585450	14.890702	14.757258	6.679844E-2	14.999992	586.800000	698.566350	NA	NA
10.593700	14.805775	14.764786	6.731344E-2	14.999996	586.600000	698.537200	NA	NA
10.602117	14.609342	14.772321	6.673785E-2	14.999983	586.400000	698.469729	NA	NA
10.610533	14.615657	14.779863	6.634402E-2	14.999993	586.200000	698.471901	NA	NA
10.618717	14.774138	14.791190	6.631373E-2	15.000011	585.900000	698.526345	NA	NA
10.627150	14.927835	14.798750	6.676814E-2	15.000026	585.700000	698.579106	NA	NA
10.635367	14.950234	14.806317	6.694990E-2	15.000041	585.500000	698.586793	NA	NA
10.643750	14.960347	14.817682	6.664696E-2	14.999985	585.200000	698.590267	NA	NA
10.652150	14.906766	14.829063	6.673785E-2	14.999995	584.900000	698.571885	NA	NA
10.660367	14.877161	14.840460	6.673785E-2	14.999986	584.600000	698.561728	NA	NA
10.668700	14.893287	14.851874	6.701049E-2	15.000004	584.300000	698.567266	NA	NA
10.677117	14.868262	14.859492	6.667726E-2	14.999975	584.100000	698.558680	NA	NA
10.685383	14.869214	14.874751	6.667726E-2	14.999959	583.700000	698.559011	NA	NA
10.693700	14.866169	14.886214	6.673785E-2	15.000006	583.400000	698.557970	NA	NA
10.702100	14.870100	14.897693	6.676814E-2	15.000005	583.100000	698.559322	NA	NA
10.710517	14.883012	14.905355	6.670754E-2	14.999980	582.900000	698.563756	NA	NA
10.718700	14.872826	14.909189	6.664696E-2	15.000007	582.800000	698.560261	NA	NA
10.727100	14.872250	14.913025	6.643490E-2	14.999989	582.700000	698.560065	NA	NA
10.735317	14.857252	14.924543	6.652579E-2	15.000003	582.400000	698.554920	NA	NA
10.743700	14.874871	14.932231	6.664696E-2	15.000003	582.200000	698.560971	NA	NA
10.752100	14.860471	14.939926	6.673785E-2	14.999997	582.000000	698.556030	NA	NA
10.759967	14.869303	14.947629	6.664696E-2	15.000023	581.800000	698.559064	NA	NA
10.768700	14.859502	14.955339	6.694990E-2	15.000036	581.600000	698.555702	NA	NA
10.777100	14.888933	14.963056	6.704079E-2	15.000008	581.400000	698.565806	NA	NA
10.785317	14.853667	14.963056	6.691961E-2	15.000006	581.400000	698.553702	NA	NA
10.793700	14.869425	14.970781	6.628343E-2	14.999999	581.200000	698.559113	NA	NA
10.802100	14.866484	14.978513	6.713167E-2	15.000008	581.000000	698.558106	NA	NA
10.810350	14.866525	14.982382	6.679843E-2	15.000001	580.900000	698.558121	NA	NA
10.818717	14.849346	14.990125	6.682873E-2	14.999978	580.700000	698.552227	NA	NA
10.827083	14.869693	14.997876	6.716196E-2	14.999966	580.500000	698.559213	NA	NA
10.835283	14.853888	14.997876	6.676814E-2	14.999972	580.500000	698.553788	NA	NA
10.843700	14.860693	14.997876	6.701049E-2	14.999969	580.500000	698.556124	NA	NA
10.852100	14.847981	15.001754	6.673785E-2	14.999954	580.400000	698.551762	NA	NA
10.860350	14.854676	15.001754	6.679843E-2	15.000011	580.400000	698.554060	NA	NA
10.868717	14.873241	15.001754	6.646520E-2	14.999968	580.400000	698.560432	NA	NA
10.877100	14.882889	15.005634	6.661667E-2	14.999975	580.300000	698.563745	NA	NA
10.885367	14.875848	15.009516	6.667726E-2	14.999992	580.200000	698.561329	NA	NA
10.893700	14.859903	15.009516	6.673785E-2	14.999963	580.200000	698.555856	NA	NA
10.904083	14.850325	15.013400	6.673785E-2	14.999988	580.100000	698.552570	NA	NA
10.910333	14.874078	15.013400	6.664696E-2	14.999954	580.100000	698.560723	NA	NA
10.918667	14.861200	15.021173	6.664696E-2	14.999977	579.900000	698.556305	NA	NA
